0 0
1 0
2 0
3 0
4 0
5 0
6 0
7 0
8 0
9 0
10 0
11 0
12 0
13 10
14 24
15 36
16 37
17 42
18 23
19 37
20 30
21 30
22 30
23 38
24 49
25 34
26 44
27 35
28 33
29 19
30 63
31 38
32 33
33 18
34 37
35 14
36 36
37 58
38 18
39 27
40 35
41 56
42 38
43 40
44 44
45 51
46 14
47 32
48 39
49 22
50 6
51 48
52 33
53 35
54 60
55 50
56 71
57 57
58 66
59 45
60 34
61 48
62 65
63 44
64 17
65 14
66 21
67 73
68 25
69 23
70 43
71 54
72 36
73 32
74 10
75 54
76 35
77 10
78 30
79 21
80 22
81 52
82 48
83 10
84 48
85 11
86 38
87 29
88 38
89 55
90 0
91 12
92 24
93 56
94 34
95 40
96 37
97 45
98 34
99 62
100 17
101 48
102 53
103 21
104 25
105 50
106 22
107 25
108 4
109 61
110 79
111 27
112 28
113 22
114 29
115 46
116 54
117 32
118 5
119 46
120 18
121 42
122 46
123 41
124 31
125 36
126 44
127 52
128 40
129 59
130 45
131 36
132 36
133 66
134 47
135 45
136 36
137 55
138 13
139 31
140 34
141 34
142 12
143 43
144 43
145 46
146 30
147 35
148 24
149 35
150 64
151 49
152 27
153 66
154 73
155 85
156 77
157 70
158 44
159 55
160 71
161 88
162 69
163 51
164 63
165 29
166 66
167 32
168 63
169 51
170 48
171 64
172 66
173 52
174 56
175 25
176 56
177 35
178 70
179 42
180 72
181 63
182 75
183 40
184 55
185 36
186 25
187 50
188 56
189 44
190 45
191 45
192 44
193 30
194 44
195 42
196 51
197 57
198 70
199 36
200 36
201 41
202 30
203 57
204 36
205 42
206 40
207 23
208 45
209 26
210 33
211 59
212 39
213 49
214 41
215 50
216 34
217 51
218 50
219 51
220 39
221 40
222 40
223 39
224 29
225 17
226 36
227 20
228 42
229 31
230 33
231 23
232 41
233 42
234 32
235 32
236 21
237 30
238 22
239 41
240 31
241 52
242 41
243 48
244 33
245 31
246 25
247 35
248 36
249 37
250 35
251 33
252 43
253 34
254 33
255 32
256 34
257 28
258 46
259 37
260 30
261 21
262 48
263 38
264 36
265 29
266 32
267 39
268 25
269 42
270 31
271 32
272 24
273 24
274 32
275 32
276 24
277 26
278 33
279 34
280 35
281 19
282 25
283 44
284 25
285 32
286 20
287 26
288 35
289 22
290 38
291 26
292 26
293 30
294 36
295 29
296 24
297 22
298 35
299 41
300 22
301 36
302 30
303 24
304 36
305 41
306 39
307 42
308 20
309 30
310 26
311 35
312 24
313 33
314 35
315 48
316 27
317 26
318 38
319 38
320 36
321 35
322 37
323 42
324 41
325 31
326 29
327 27
328 14
329 31
330 37
331 29
332 25
333 30
334 15
335 34
336 28
337 28
338 36
339 22
340 38
341 40
342 29
343 29
344 38
345 31
346 35
347 38
348 26
349 22
350 21
351 28
352 36
353 14
354 24
355 30
356 23
357 40
358 31
359 34
360 31
361 32
362 22
363 23
364 35
365 30
366 31
367 22
368 33
369 18
370 38
371 30
372 31
373 38
374 37
375 28
376 43
377 25
378 36
379 27
380 36
381 28
382 19
383 23
384 32
385 27
386 25
387 29
388 31
389 28
390 30
391 28
392 37
393 31
394 30
395 30
396 20
397 33
398 29
399 29
400 39
401 43
402 37
403 27
404 34
405 26
406 31
407 46
408 16
409 35
410 26
411 39
412 23
413 22
414 32
415 43
416 38
417 34
418 30
419 36
420 31
421 28
422 27
423 21
424 38
425 27
426 23
427 43
428 35
429 28
430 31
431 28
432 35
433 35
434 47
435 30
436 21
437 39
438 28
439 42
440 40
441 31
442 29
443 31
444 30
445 31
446 25
447 38
448 33
449 28
450 29
451 34
452 41
453 26
454 27
455 34
456 39
457 21
458 39
459 38
460 35
461 25
462 32
463 43
464 36
465 37
466 26
467 39
468 30
469 26
470 44
471 41
472 42
473 31
474 40
475 35
476 28
477 26
478 38
479 39
480 44
481 37
482 44
483 24
484 27
485 44
486 39
487 44
488 52
489 43
490 39
491 26
492 43
493 30
494 31
495 36
496 39
497 38
498 37
499 28
500 27
501 21
502 37
503 27
504 38
505 35
506 20
507 43
508 36
509 27
510 36
511 28
512 42
513 38
514 42
515 18
516 31
517 32
518 30
519 38
520 31
521 39
522 35
523 48
524 46
525 43
526 38
527 32
528 29
529 38
530 38
531 46
532 46
533 45
534 28
535 48
536 38
537 33
538 29
539 42
540 39
541 38
542 37
543 35
544 34
545 42
546 35
547 38
548 31
549 41
550 39
551 34
552 35
553 43
554 41
555 36
556 38
557 43
558 49
559 34
560 40
561 43
562 38
563 42
564 29
565 37
566 50
567 33
568 49
569 31
570 43
571 37
572 52
573 44
574 35
575 49
576 43
577 29
578 31
579 47
580 44
581 35
582 45
583 30
584 50
585 40
586 52
587 40
588 40
589 39
590 52
591 57
592 57
593 38
594 29
595 48
596 32
597 54
598 51
599 49
600 37
601 45
602 51
603 30
604 31
605 47
606 48
607 49
608 29
609 49
610 46
611 40
612 36
613 57
614 35
615 42
616 38
617 41
618 50
619 42
620 30
621 44
622 43
623 28
624 44
625 48
626 39
627 45
628 60
629 42
630 49
631 34
632 43
633 36
634 33
635 40
636 36
637 40
638 34
639 33
640 40
641 37
642 37
643 54
644 48
645 46
646 29
647 41
648 40
649 30
650 35
651 37
652 32
653 33
654 28
655 30
656 37
657 28
658 29
659 38
660 33
661 29
662 28
663 26
664 28
665 22
666 33
667 39
668 31
669 26
670 28
671 33
672 24
673 24
674 28
675 27
676 25
677 32
678 21
679 20
680 36
681 26
682 20
683 25
684 18
685 31
686 26
687 22
688 43
689 34
690 18
691 20
692 38
693 15
694 33
695 27
696 28
697 30
698 37
699 22
700 29
701 37
702 25
703 32
704 23
705 24
706 29
707 28
708 14
709 29
710 22
711 22
712 28
713 20
714 26
715 18
716 25
717 28
718 34
719 27
720 29
721 31
722 27
723 26
724 22
725 28
726 27
727 26
728 15
729 18
730 31
731 26
732 20
733 22
734 26
735 23
736 33
737 24
738 15
739 19
740 23
741 27
742 23
743 20
744 14
745 16
746 13
747 18
748 23
749 11
750 19
751 25
752 14
753 12
754 10
755 11
756 16
757 19
758 17
759 20
760 23
761 10
762 26
763 24
764 27
765 21
766 28
767 27
768 23
769 33
770 38
771 32
772 37
773 36
774 52
775 47
776 64
777 62
778 54
779 73
780 84
781 68
782 69
783 87
784 73
785 72
786 74
787 86
788 94
789 89
790 96
791 101
792 98
793 104
794 89
795 98
796 98
797 103
798 91
799 98
800 86
801 89
802 91
803 91
804 87
805 83
806 75
807 76
808 54
809 71
810 56
811 53
812 60
813 39
814 48
815 53
816 38
817 49
818 30
819 30
820 29
821 30
822 23
823 23
824 27
825 11
826 20
827 21
828 6
829 14
830 10
831 9
832 8
833 1
834 6
835 5
836 7
837 3
838 1
839 5
840 7
841 3
842 6
843 -2
844 5
845 4
846 -3
847 1
848 2
849 -2
850 1
851 2
852 7
853 4
854 -1
855 6
856 1
857 5
858 10
859 7
860 17
861 8
862 5
863 6
864 6
865 8
866 7
867 19
868 18
869 18
870 19
871 20
872 22
873 19
874 30
875 21
876 34
877 36
878 39
879 30
880 39
881 48
882 41
883 48
884 37
885 62
886 60
887 72
888 48
889 72
890 56
891 85
892 59
893 72
894 71
895 69
896 69
897 75
898 80
899 80
900 71
901 64
902 72
903 64
904 79
905 63
906 92
907 56
908 64
909 69
910 73
911 81
912 61
913 50
914 56
915 48
916 54
917 49
918 43
919 40
920 37
921 38
922 26
923 42
924 38
925 13
926 25
927 28
928 17
929 19
930 9
931 20
932 19
933 20
934 17
935 11
936 6
937 6
938 14
939 3
940 8
941 10
942 8
943 4
944 4
945 3
946 1
947 3
948 2
949 0
950 3
951 2
952 1
953 -1
954 5
955 1
956 0
957 1
958 2
959 4
960 -3
961 1
962 2
963 -2
964 0
965 1
966 -1
967 5
968 5
969 2
970 -2
971 0
972 2
973 -1
974 1
975 0
976 -5
977 1
978 5
979 2
980 -6
981 1
982 2
983 -2
984 -3
985 -1
986 -4
987 0
988 -2
989 -2
990 1
991 2
992 -5
993 -1
994 -2
995 -1
996 2
997 -4
998 0
999 0
1000 0
1001 -3
1002 -2
1003 -6
1004 -2
1005 -4
1006 5
1007 2
1008 1
1009 -1
1010 -2
1011 0
1012 0
1013 -1
1014 3
1015 2
1016 0
1017 -1
1018 2
1019 2
1020 -1
1021 2
1022 2
1023 -1
1024 0
