   0,        0, 000
   1,        0, 000
   2,        0, 000
   3,        0, 000
   4,        0, 000
   5,        0, 000
   6,        0, 000
   7,        0, 000
   8,        0, 000
   9,        0, 000
  10,        0, 000
  11,        0, 000
  12,        0, 000
  13,       11, 000
  14,       17, 000
  15,       28, 000
  16,       23, 000
  17,       18, 000
  18,       36, 000
  19,       38, 000
  20,       36, 000
  21,       35, 000
  22,       33, 000
  23,       35, 000
  24,       29, 000
  25,       35, 000
  26,       27, 000
  27,       38, 000
  28,       40, 000
  29,       43, 000
  30,       28, 000
  31,       44, 000
  32,       37, 000
  33,       47, 000
  34,       35, 000
  35,       47, 000
  36,       46, 000
  37,       46, 000
  38,       66, 000
  39,       59, 000
  40,       52, 000
  41,       57, 000
  42,       59, 000
  43,       70, 000
  44,       63, 000
  45,       74, 000
  46,       91, 000
  47,      106, 000
  48,       88, 000
  49,      110, 000
  50,      133, 000
  51,      107, 000
  52,      129, 000
  53,      135, 000
  54,      101, 000
  55,      123, 000
  56,      124, 000
  57,      135, 000
  58,      125, 000
  59,      132, 000
  60,      136, 000
  61,      170, 000
  62,      148, 000
  63,      161, 000
  64,      169, 000
  65,      165, 000
  66,      150, 000
  67,      133, 000
  68,      156, 000
  69,      169, 000
  70,      157, 000
  71,      153, 000
  72,      149, 000
  73,      161, 000
  74,      150, 000
  75,      135, 000
  76,      156, 000
  77,      147, 000
  78,      148, 000
  79,      152, 000
  80,      135, 000
  81,      137, 000
  82,      141, 000
  83,      136, 000
  84,      135, 000
  85,      153, 000
  86,      129, 000
  87,      129, 000
  88,      138, 000
  89,      121, 000
  90,      147, 000
  91,      136, 000
  92,      141, 000
  93,       89, 000
  94,      125, 000
  95,      113, 000
  96,      118, 000
  97,      119, 000
  98,      114, 000
  99,      116, 000
 100,      136, 000
 101,      114, 000
 102,      115, 000
 103,      122, 000
 104,      110, 000
 105,      107, 000
 106,      125, 000
 107,      138, 000
 108,      132, 000
 109,       90, 000
 110,       78, 000
 111,      123, 000
 112,      107, 000
 113,      105, 000
 114,       95, 000
 115,       85, 000
 116,       91, 000
 117,       95, 000
 118,      105, 000
 119,       88, 000
 120,       97, 000
 121,       86, 000
 122,       67, 000
 123,       91, 000
 124,       79, 000
 125,       83, 000
 126,       80, 000
 127,       78, 000
 128,       79, 000
 129,       75, 000
 130,       71, 000
 131,       72, 000
 132,       74, 000
 133,       68, 000
 134,       70, 000
 135,       70, 000
 136,       64, 000
 137,       53, 000
 138,       92, 000
 139,       87, 000
 140,       81, 000
 141,       53, 000
 142,       66, 000
 143,       70, 000
 144,       62, 000
 145,       56, 000
 146,       58, 000
 147,       72, 000
 148,       76, 000
 149,       70, 000
 150,       55, 000
 151,       51, 000
 152,       58, 000
 153,       52, 000
 154,       55, 000
 155,       31, 000
 156,       46, 000
 157,       54, 000
 158,       56, 000
 159,       52, 000
 160,       51, 000
 161,       39, 000
 162,       47, 000
 163,       59, 000
 164,       51, 000
 165,       61, 000
 166,       42, 000
 167,       64, 000
 168,       42, 000
 169,       56, 000
 170,       60, 000
 171,       51, 000
 172,       48, 000
 173,       53, 000
 174,       56, 000
 175,       62, 000
 176,       42, 000
 177,       61, 000
 178,       37, 000
 179,       59, 000
 180,       29, 000
 181,       38, 000
 182,       26, 000
 183,       42, 000
 184,       34, 000
 185,       45, 000
 186,       39, 000
 187,       26, 000
 188,       30, 000
 189,       41, 000
 190,       39, 000
 191,       33, 000
 192,       45, 000
 193,       34, 000
 194,       37, 000
 195,       25, 000
 196,       20, 000
 197,       19, 000
 198,       17, 000
 199,       31, 000
 200,       26, 000
 201,       37, 000
 202,       36, 000
 203,       24, 000
 204,       36, 000
 205,       29, 000
 206,       28, 000
 207,       39, 000
 208,       24, 000
 209,       30, 000
 210,       28, 000
 211,       30, 000
 212,       22, 000
 213,       18, 000
 214,       21, 000
 215,       25, 000
 216,       24, 000
 217,       24, 000
 218,       22, 000
 219,       17, 000
 220,       21, 000
 221,       22, 000
 222,       23, 000
 223,       22, 000
 224,       25, 000
 225,       23, 000
 226,       23, 000
 227,       28, 000
 228,       16, 000
 229,       17, 000
 230,       15, 000
 231,       33, 000
 232,       17, 000
 233,       17, 000
 234,       25, 000
 235,       22, 000
 236,       26, 000
 237,       22, 000
 238,       25, 000
 239,       21, 000
 240,       17, 000
 241,       17, 000
 242,       18, 000
 243,       18, 000
 244,       20, 000
 245,       19, 000
 246,       24, 000
 247,       26, 000
 248,       23, 000
 249,       14, 000
 250,       13, 000
 251,        9, 000
 252,       21, 000
 253,       18, 000
 254,       19, 000
 255,       25, 000
 256,       16, 000
 257,       17, 000
 258,       13, 000
 259,        8, 000
 260,       12, 000
 261,       14, 000
 262,       13, 000
 263,       10, 000
 264,       16, 000
 265,       20, 000
 266,       12, 000
 267,       13, 000
 268,       15, 000
 269,        8, 000
 270,       11, 000
 271,       15, 000
 272,       12, 000
 273,       10, 000
 274,       14, 000
 275,       14, 000
 276,       15, 000
 277,        8, 000
 278,       11, 000
 279,       21, 000
 280,       11, 000
 281,       11, 000
 282,       17, 000
 283,        7, 000
 284,       10, 000
 285,       11, 000
 286,       11, 000
 287,        8, 000
 288,       10, 000
 289,       16, 000
 290,       11, 000
 291,        9, 000
 292,       13, 000
 293,       12, 000
 294,       10, 000
 295,       12, 000
 296,       13, 000
 297,        9, 000
 298,        9, 000
 299,        6, 000
 300,       12, 000
 301,       13, 000
 302,       12, 000
 303,       16, 000
 304,        9, 000
 305,        4, 000
 306,        5, 000
 307,        6, 000
 308,        8, 000
 309,        3, 000
 310,       11, 000
 311,        8, 000
 312,       12, 000
 313,        8, 000
 314,        7, 000
 315,        7, 000
 316,       10, 000
 317,        8, 000
 318,       11, 000
 319,        5, 000
 320,        9, 000
 321,        6, 000
 322,        6, 000
 323,        6, 000
 324,        6, 000
 325,        7, 000
 326,       11, 000
 327,        6, 000
 328,        9, 000
 329,        5, 000
 330,        3, 000
 331,        7, 000
 332,        8, 000
 333,        9, 000
 334,       15, 000
 335,       13, 000
 336,        5, 000
 337,       14, 000
 338,        8, 000
 339,        7, 000
 340,        6, 000
 341,        7, 000
 342,        9, 000
 343,        8, 000
 344,       10, 000
 345,        5, 000
 346,        8, 000
 347,       13, 000
 348,        7, 000
 349,       13, 000
 350,        6, 000
 351,       10, 000
 352,       10, 000
 353,        7, 000
 354,       12, 000
 355,        6, 000
 356,        6, 000
 357,       10, 000
 358,        9, 000
 359,        8, 000
 360,        7, 000
 361,        8, 000
 362,        4, 000
 363,        6, 000
 364,        6, 000
 365,        2, 000
 366,        3, 000
 367,        9, 000
 368,        4, 000
 369,        5, 000
 370,        5, 000
 371,        7, 000
 372,        6, 000
 373,        4, 000
 374,        6, 000
 375,        4, 000
 376,        4, 000
 377,       12, 000
 378,        7, 000
 379,       11, 000
 380,        3, 000
 381,        5, 000
 382,        7, 000
 383,        5, 000
 384,        6, 000
 385,       13, 000
 386,        6, 000
 387,        6, 000
 388,        5, 000
 389,        6, 000
 390,        7, 000
 391,        8, 000
 392,        4, 000
 393,        6, 000
 394,        5, 000
 395,        5, 000
 396,        7, 000
 397,        4, 000
 398,       10, 000
 399,        5, 000
 400,        4, 000
 401,        8, 000
 402,        6, 000
 403,        1, 000
 404,       11, 000
 405,       10, 000
 406,        4, 000
 407,        4, 000
 408,       11, 000
 409,        6, 000
 410,        8, 000
 411,       11, 000
 412,        9, 000
 413,       10, 000
 414,       11, 000
 415,        4, 000
 416,        4, 000
 417,        6, 000
 418,        9, 000
 419,        1, 000
 420,        8, 000
 421,       11, 000
 422,        5, 000
 423,        8, 000
 424,        7, 000
 425,        9, 000
 426,       10, 000
 427,        6, 000
 428,        8, 000
 429,        7, 000
 430,        5, 000
 431,        9, 000
 432,        1, 000
 433,        7, 000
 434,        5, 000
 435,        7, 000
 436,        7, 000
 437,        3, 000
 438,        6, 000
 439,        3, 000
 440,        4, 000
 441,        6, 000
 442,        4, 000
 443,        4, 000
 444,        2, 000
 445,        6, 000
 446,        6, 000
 447,        2, 000
 448,        8, 000
 449,        2, 000
 450,        6, 000
 451,        7, 000
 452,        1, 000
 453,        3, 000
 454,        5, 000
 455,        5, 000
 456,        1, 000
 457,        5, 000
 458,        7, 000
 459,        3, 000
 460,        3, 000
 461,        6, 000
 462,        6, 000
 463,        1, 000
 464,        1, 000
 465,        6, 000
 466,        4, 000
 467,        1, 000
 468,        5, 000
 469,        0, 000
 470,        2, 000
 471,        4, 000
 472,        1, 000
 473,        6, 000
 474,        3, 000
 475,        3, 000
 476,        2, 000
 477,        6, 000
 478,        2, 000
 479,        5, 000
 480,        1, 000
 481,        2, 000
 482,        6, 000
 483,        5, 000
 484,        4, 000
 485,        2, 000
 486,        3, 000
 487,        1, 000
 488,        4, 000
 489,        4, 000
 490,        3, 000
 491,        7, 000
 492,        3, 000
 493,        4, 000
 494,        3, 000
 495,        3, 000
 496,        4, 000
 497,        2, 000
 498,        5, 000
 499,        3, 000
 500,        6, 000
 501,        7, 000
 502,        6, 000
 503,        7, 000
 504,        3, 000
 505,        1, 000
 506,       10, 000
 507,        3, 000
 508,        3, 000
 509,        2, 000
 510,        3, 000
 511,        2, 000
 512,        1, 000
 513,        3, 000
 514,        3, 000
 515,        9, 000
 516,        4, 000
 517,        1, 000
 518,        5, 000
 519,        3, 000
 520,        6, 000
 521,        2, 000
 522,        6, 000
 523,        3, 000
 524,        3, 000
 525,        5, 000
 526,        2, 000
 527,        2, 000
 528,        4, 000
 529,        6, 000
 530,        4, 000
 531,        4, 000
 532,        2, 000
 533,        4, 000
 534,        4, 000
 535,        4, 000
 536,        3, 000
 537,        3, 000
 538,        3, 000
 539,        1, 000
 540,        2, 000
 541,        4, 000
 542,        4, 000
 543,        4, 000
 544,        4, 000
 545,        2, 000
 546,        3, 000
 547,        2, 000
 548,        5, 000
 549,        1, 000
 550,        1, 000
 551,        5, 000
 552,        2, 000
 553,        2, 000
 554,        4, 000
 555,        5, 000
 556,        2, 000
 557,        4, 000
 558,        0, 000
 559,        2, 000
 560,        3, 000
 561,        4, 000
 562,        4, 000
 563,        1, 000
 564,        2, 000
 565,        5, 000
 566,        4, 000
 567,        5, 000
 568,        4, 000
 569,        4, 000
 570,        4, 000
 571,        5, 000
 572,        2, 000
 573,        1, 000
 574,        3, 000
 575,        1, 000
 576,        3, 000
 577,        3, 000
 578,        3, 000
 579,        2, 000
 580,        0, 000
 581,        2, 000
 582,        3, 000
 583,        5, 000
 584,        1, 000
 585,        3, 000
 586,        1, 000
 587,        1, 000
 588,        1, 000
 589,        5, 000
 590,        1, 000
 591,        3, 000
 592,        3, 000
 593,        5, 000
 594,        4, 000
 595,        3, 000
 596,        2, 000
 597,        2, 000
 598,        3, 000
 599,        2, 000
 600,        2, 000
 601,        3, 000
 602,        0, 000
 603,        5, 000
 604,        4, 000
 605,        2, 000
 606,        4, 000
 607,        3, 000
 608,        4, 000
 609,        4, 000
 610,        2, 000
 611,        5, 000
 612,        3, 000
 613,        3, 000
 614,        4, 000
 615,        7, 000
 616,        6, 000
 617,        3, 000
 618,        2, 000
 619,        2, 000
 620,        5, 000
 621,        2, 000
 622,        4, 000
 623,        4, 000
 624,        4, 000
 625,        1, 000
 626,        4, 000
 627,        1, 000
 628,        3, 000
 629,        5, 000
 630,        2, 000
 631,        4, 000
 632,        5, 000
 633,        2, 000
 634,        3, 000
 635,        3, 000
 636,        2, 000
 637,        3, 000
 638,        4, 000
 639,        2, 000
 640,        3, 000
 641,        1, 000
 642,        4, 000
 643,        1, 000
 644,        2, 000
 645,        2, 000
 646,        3, 000
 647,        2, 000
 648,        1, 000
 649,        4, 000
 650,        1, 000
 651,        4, 000
 652,        6, 000
 653,        1, 000
 654,        2, 000
 655,        2, 000
 656,        5, 000
 657,        4, 000
 658,        3, 000
 659,        1, 000
 660,        2, 000
 661,        1, 000
 662,        4, 000
 663,        3, 000
 664,        4, 000
 665,        4, 000
 666,        2, 000
 667,        3, 000
 668,        2, 000
 669,        0, 000
 670,        3, 000
 671,        3, 000
 672,        1, 000
 673,        2, 000
 674,        1, 000
 675,        2, 000
 676,        3, 000
 677,        1, 000
 678,        5, 000
 679,        4, 000
 680,        3, 000
 681,        2, 000
 682,        5, 000
 683,        3, 000
 684,        4, 000
 685,        0, 000
 686,        1, 000
 687,        2, 000
 688,        0, 000
 689,        2, 000
 690,        4, 000
 691,        2, 000
 692,        1, 000
 693,        3, 000
 694,        1, 000
 695,        1, 000
 696,        4, 000
 697,        2, 000
 698,        0, 000
 699,        2, 000
 700,        1, 000
 701,        1, 000
 702,        3, 000
 703,        1, 000
 704,        1, 000
 705,        2, 000
 706,        3, 000
 707,        2, 000
 708,        2, 000
 709,        1, 000
 710,        4, 000
 711,        5, 000
 712,        3, 000
 713,        0, 000
 714,        0, 000
 715,        3, 000
 716,        1, 000
 717,        1, 000
 718,        2, 000
 719,        1, 000
 720,        2, 000
 721,        2, 000
 722,        5, 000
 723,        2, 000
 724,        1, 000
 725,        0, 000
 726,        3, 000
 727,        3, 000
 728,        3, 000
 729,        4, 000
 730,        1, 000
 731,        2, 000
 732,        4, 000
 733,        2, 000
 734,        5, 000
 735,        1, 000
 736,        0, 000
 737,        3, 000
 738,        3, 000
 739,        3, 000
 740,        0, 000
 741,        0, 000
 742,        1, 000
 743,        0, 000
 744,        1, 000
 745,        1, 000
 746,        3, 000
 747,        3, 000
 748,        0, 000
 749,        5, 000
 750,        3, 000
 751,        1, 000
 752,        2, 000
 753,        2, 000
 754,        7, 000
 755,        7, 000
 756,        1, 000
 757,        2, 000
 758,        2, 000
 759,        4, 000
 760,        1, 000
 761,        4, 000
 762,        3, 000
 763,        0, 000
 764,        2, 000
 765,        4, 000
 766,        3, 000
 767,        3, 000
 768,        3, 000
 769,        4, 000
 770,        2, 000
 771,        3, 000
 772,        1, 000
 773,        2, 000
 774,        4, 000
 775,        3, 000
 776,        2, 000
 777,        4, 000
 778,        1, 000
 779,        2, 000
 780,        1, 000
 781,        5, 000
 782,        3, 000
 783,        4, 000
 784,        2, 000
 785,        2, 000
 786,        0, 000
 787,        2, 000
 788,        4, 000
 789,        1, 000
 790,        5, 000
 791,        1, 000
 792,        3, 000
 793,        0, 000
 794,        1, 000
 795,        1, 000
 796,        2, 000
 797,        3, 000
 798,        3, 000
 799,        3, 000
 800,        3, 000
 801,        2, 000
 802,        5, 000
 803,        1, 000
 804,        0, 000
 805,        1, 000
 806,        1, 000
 807,        3, 000
 808,        3, 000
 809,        2, 000
 810,        3, 000
 811,        4, 000
 812,        1, 000
 813,        2, 000
 814,        0, 000
 815,        2, 000
 816,        1, 000
 817,        0, 000
 818,        3, 000
 819,        3, 000
 820,        2, 000
 821,        0, 000
 822,        3, 000
 823,        2, 000
 824,        2, 000
 825,        3, 000
 826,        2, 000
 827,        2, 000
 828,        2, 000
 829,        1, 000
 830,        1, 000
 831,        1, 000
 832,        2, 000
 833,        4, 000
 834,        1, 000
 835,        4, 000
 836,        0, 000
 837,        0, 000
 838,        1, 000
 839,        3, 000
 840,        0, 000
 841,        3, 000
 842,        1, 000
 843,        2, 000
 844,        1, 000
 845,        1, 000
 846,        5, 000
 847,        0, 000
 848,        2, 000
 849,        4, 000
 850,        3, 000
 851,        1, 000
 852,        0, 000
 853,        1, 000
 854,        5, 000
 855,        1, 000
 856,        2, 000
 857,        1, 000
 858,        0, 000
 859,        1, 000
 860,        0, 000
 861,        1, 000
 862,        0, 000
 863,        0, 000
 864,        1, 000
 865,        2, 000
 866,        0, 000
 867,        0, 000
 868,        1, 000
 869,        0, 000
 870,        0, 000
 871,        1, 000
 872,        0, 000
 873,        1, 000
 874,        0, 000
 875,        2, 000
 876,        2, 000
 877,        1, 000
 878,        1, 000
 879,        1, 000
 880,        0, 000
 881,        2, 000
 882,        1, 000
 883,        0, 000
 884,        0, 000
 885,        2, 000
 886,        1, 000
 887,        0, 000
 888,        0, 000
 889,        0, 000
 890,        3, 000
 891,        1, 000
 892,        1, 000
 893,        0, 000
 894,        1, 000
 895,        2, 000
 896,        0, 000
 897,        1, 000
 898,        0, 000
 899,        1, 000
 900,        0, 000
 901,        1, 000
 902,        0, 000
 903,        3, 000
 904,        0, 000
 905,        0, 000
 906,        1, 000
 907,        4, 000
 908,        2, 000
 909,        1, 000
 910,        0, 000
 911,        1, 000
 912,        4, 000
 913,        4, 000
 914,        1, 000
 915,        2, 000
 916,        0, 000
 917,        0, 000
 918,        1, 000
 919,        1, 000
 920,        1, 000
 921,        0, 000
 922,        1, 000
 923,        1, 000
 924,        1, 000
 925,        0, 000
 926,        1, 000
 927,        0, 000
 928,        0, 000
 929,        2, 000
 930,        2, 000
 931,        0, 000
 932,        1, 000
 933,        0, 000
 934,        0, 000
 935,        1, 000
 936,        2, 000
 937,        2, 000
 938,        2, 000
 939,        3, 000
 940,        0, 000
 941,        0, 000
 942,        0, 000
 943,        2, 000
 944,        1, 000
 945,        1, 000
 946,        1, 000
 947,        1, 000
 948,        1, 000
 949,        2, 000
 950,        1, 000
 951,        1, 000
 952,        2, 000
 953,        2, 000
 954,        0, 000
 955,        0, 000
 956,        1, 000
 957,        2, 000
 958,        1, 000
 959,        0, 000
 960,        3, 000
 961,        1, 000
 962,        1, 000
 963,        3, 000
 964,        1, 000
 965,        2, 000
 966,        3, 000
 967,        1, 000
 968,        1, 000
 969,        2, 000
 970,        4, 000
 971,        5, 000
 972,        1, 000
 973,        6, 000
 974,        4, 000
 975,        3, 000
 976,        7, 000
 977,        3, 000
 978,        4, 000
 979,        3, 000
 980,        9, 000
 981,        5, 000
 982,        2, 000
 983,        4, 000
 984,        5, 000
 985,        7, 000
 986,        6, 000
 987,        6, 000
 988,        8, 000
 989,        6, 000
 990,        4, 000
 991,        3, 000
 992,        6, 000
 993,        3, 000
 994,        7, 000
 995,        5, 000
 996,        4, 000
 997,        8, 000
 998,        4, 000
 999,        2, 000
1000,        3, 000
1001,        5, 000
1002,        4, 000
1003,        6, 000
1004,        5, 000
1005,        5, 000
1006,        2, 000
1007,        0, 000
1008,        2, 000
1009,        4, 000
1010,        3, 000
1011,        3, 000
1012,        1, 000
1013,        3, 000
1014,        0, 000
1015,        0, 000
1016,        0, 000
1017,        4, 000
1018,        0, 000
1019,        1, 000
1020,        1, 000
1021,        0, 000
1022,        2, 000
1023,        1, 000
