0 0
1 0
2 0
3 0
4 0
5 0
6 0
7 0
8 0
9 0
10 0
11 0
12 0
13 37
14 77
15 81
16 93
17 65
18 88
19 109
20 91
21 114
22 80
23 110
24 123
25 115
26 168
27 209
28 252
29 214
30 173
31 135
32 104
33 107
34 87
35 81
36 110
37 127
38 98
39 118
40 105
41 125
42 79
43 117
44 74
45 102
46 112
47 93
48 100
49 64
50 106
51 82
52 109
53 113
54 107
55 123
56 112
57 92
58 128
59 138
60 146
61 143
62 165
63 160
64 149
65 106
66 108
67 129
68 124
69 107
70 109
71 162
72 127
73 110
74 110
75 110
76 102
77 98
78 92
79 116
80 119
81 117
82 114
83 103
84 124
85 117
86 79
87 100
88 106
89 169
90 122
91 137
92 107
93 132
94 141
95 155
96 161
97 120
98 119
99 144
100 145
101 139
102 124
103 143
104 134
105 132
106 157
107 167
108 165
109 175
110 152
111 160
112 171
113 153
114 187
115 167
116 165
117 203
118 176
119 173
120 189
121 202
122 170
123 208
124 140
125 169
126 190
127 176
128 200
129 215
130 207
131 236
132 240
133 239
134 256
135 258
136 267
137 275
138 267
139 266
140 271
141 259
142 256
143 279
144 248
145 279
146 285
147 247
148 252
149 243
150 237
151 224
152 230
153 231
154 250
155 229
156 211
157 176
158 193
159 211
160 178
161 192
162 202
163 182
164 177
165 165
166 179
167 178
168 182
169 154
170 173
171 146
172 153
173 141
174 155
175 172
176 132
177 144
178 148
179 154
180 131
181 141
182 137
183 139
184 110
185 158
186 142
187 150
188 143
189 148
190 148
191 119
192 139
193 130
194 114
195 119
196 105
197 97
198 122
199 136
200 128
201 126
202 117
203 80
204 134
205 109
206 101
207 114
208 101
209 91
210 108
211 96
212 104
213 98
214 116
215 122
216 118
217 111
218 97
219 78
220 98
221 90
222 104
223 91
224 129
225 80
226 81
227 88
228 97
229 102
230 92
231 94
232 85
233 100
234 86
235 96
236 91
237 113
238 86
239 115
240 112
241 114
242 103
243 99
244 107
245 110
246 114
247 81
248 94
249 94
250 84
251 101
252 85
253 104
254 71
255 91
256 107
257 108
258 75
259 88
260 86
261 119
262 111
263 73
264 92
265 101
266 93
267 99
268 107
269 114
270 83
271 99
272 107
273 110
274 123
275 104
276 101
277 96
278 88
279 77
280 99
281 98
282 135
283 135
284 100
285 110
286 112
287 96
288 90
289 104
290 91
291 98
292 81
293 80
294 97
295 86
296 71
297 87
298 78
299 85
300 77
301 57
302 78
303 69
304 56
305 76
306 64
307 63
308 67
309 31
310 55
311 60
312 41
313 41
314 51
315 58
316 42
317 44
318 46
319 44
320 60
321 35
322 42
323 37
324 27
325 36
326 40
327 42
328 40
329 45
330 46
331 28
332 42
333 30
334 33
335 52
336 35
337 39
338 32
339 39
340 32
341 32
342 37
343 28
344 28
345 31
346 26
347 28
348 23
349 43
350 25
351 26
352 32
353 27
354 29
355 32
356 30
357 28
358 31
359 34
360 38
361 26
362 24
363 35
364 19
365 37
366 32
367 33
368 34
369 32
370 23
371 26
372 27
373 33
374 32
375 36
376 36
377 31
378 42
379 28
380 25
381 16
382 26
383 43
384 27
385 28
386 37
387 31
388 56
389 38
390 36
391 53
392 74
393 89
394 71
395 98
396 97
397 106
398 133
399 161
400 166
401 172
402 217
403 229
404 289
405 326
406 309
407 358
408 427
409 433
410 455
411 440
412 518
413 520
414 541
415 557
416 553
417 554
418 522
419 562
420 556
421 486
422 518
423 469
424 440
425 420
426 366
427 310
428 273
429 279
430 239
431 222
432 157
433 162
434 131
435 128
436 97
437 76
438 57
439 50
440 33
441 29
442 13
443 17
444 11
445 6
446 12
447 7
448 2
449 9
450 3
451 7
452 2
453 3
454 -3
455 3
456 2
457 1
458 2
459 -3
460 0
461 -1
462 0
463 3
464 2
465 -6
466 1
467 3
468 0
469 3
470 -1
471 -5
472 -4
473 2
474 3
475 -2
476 -3
477 -1
478 3
479 5
480 -1
481 -1
482 -3
483 2
484 0
485 -3
486 -2
487 -1
488 -2
489 0
490 3
491 -5
492 1
493 -2
494 -5
495 2
496 0
497 -7
498 4
499 3
500 0
501 -2
502 -2
503 0
504 2
505 3
506 2
507 -5
508 2
509 2
510 -2
511 5
512 6
513 6
514 -1
515 -4
516 0
517 -2
518 4
519 3
520 1
521 -1
522 0
523 3
524 1
525 1
526 -1
527 1
528 1
529 -1
530 0
531 0
532 3
533 2
534 -4
535 -5
536 -1
537 -1
538 0
539 1
540 -3
541 -3
542 -1
543 -3
544 -4
545 2
546 6
547 4
548 1
549 0
550 0
551 2
552 -3
553 -1
554 1
555 3
556 2
557 -2
558 0
559 0
560 3
561 -3
562 -3
563 -2
564 -3
565 2
566 4
567 -1
568 2
569 4
570 3
571 -3
572 -1
573 -3
574 -4
575 3
576 1
577 2
578 -1
579 1
580 -2
581 -4
582 5
583 3
584 3
585 1
586 0
587 -2
588 -5
589 -1
590 2
591 -3
592 -7
593 3
594 -3
595 -1
596 0
597 4
598 0
599 -1
600 2
601 1
602 2
603 -7
604 -1
605 -3
606 0
607 3
608 0
609 2
610 2
611 1
612 -1
613 -1
614 0
615 -2
616 0
617 -1
618 1
619 0
620 0
621 -1
622 -1
623 0
624 0
625 3
626 -2
627 2
628 0
629 2
630 1
631 -2
632 -1
633 2
634 1
635 -3
636 1
637 -3
638 -1
639 1
640 0
641 -1
642 2
643 1
644 0
645 0
646 -1
647 -1
648 0
649 0
650 -1
651 -6
652 -1
653 -1
654 2
655 0
656 -1
657 2
658 -2
659 0
660 -2
661 -4
662 1
663 0
664 3
665 0
666 1
667 -1
668 -1
669 0
670 -2
671 -1
672 2
673 0
674 1
675 -2
676 -1
677 -1
678 3
679 0
680 -3
681 0
682 -1
683 1
684 3
685 -1
686 1
687 -3
688 2
689 -2
690 0
691 0
692 -3
693 3
694 -3
695 -2
696 2
697 4
698 0
699 1
700 0
701 2
702 2
703 0
704 -1
705 0
706 -1
707 2
708 2
709 3
710 -1
711 2
712 -2
713 -1
714 4
715 -1
716 -2
717 3
718 -2
719 2
720 1
721 0
722 0
723 -2
724 2
725 -1
726 0
727 1
728 2
729 -1
730 -1
731 -2
732 0
733 1
734 4
735 -2
736 0
737 -5
738 -3
739 1
740 2
741 2
742 3
743 0
744 1
745 -2
746 -3
747 0
748 0
749 1
750 0
751 1
752 0
753 2
754 3
755 -2
756 0
757 -2
758 0
759 0
760 -1
761 -2
762 2
763 0
764 1
765 0
766 -1
767 3
768 1
769 0
770 -3
771 0
772 0
773 0
774 -1
775 -1
776 -3
777 1
778 -1
779 -1
780 -2
781 -1
782 1
783 -1
784 0
785 0
786 0
787 1
788 0
789 1
790 0
791 0
792 0
793 2
794 -3
795 1
796 -1
797 -1
798 1
799 1
800 -1
801 0
802 -4
803 -1
804 0
805 -1
806 0
807 0
808 1
809 2
810 -1
811 0
812 -1
813 1
814 -1
815 1
816 3
817 0
818 1
819 1
820 -1
821 0
822 1
823 1
824 0
825 1
826 2
827 -1
828 0
829 -1
830 1
831 1
832 0
833 -2
834 0
835 1
836 -1
837 1
838 1
839 -2
840 1
841 0
842 3
843 2
844 1
845 -1
846 -1
847 2
848 3
849 1
850 -1
851 -4
852 -4
853 1
854 -2
855 -2
856 -3
857 1
858 1
859 1
860 1
861 -2
862 2
863 2
864 1
865 -2
866 -1
867 2
868 3
869 -2
870 3
871 1
872 1
873 2
874 -1
875 2
876 2
877 4
878 -4
879 0
880 -6
881 -7
882 -2
883 -8
884 2
885 -2
886 -1
887 -2
888 1
889 0
890 -1
891 3
892 -4
893 -2
894 -1
895 -1
896 2
897 -1
898 -1
899 1
900 -2
901 2
902 2
903 0
904 0
905 -2
906 0
907 -1
908 1
909 1
910 1
911 -2
912 1
913 0
914 0
915 -1
916 -1
917 0
918 1
919 -1
920 1
921 1
922 -1
923 0
924 0
925 1
926 0
927 -1
928 1
929 0
930 0
931 0
932 0
933 0
934 -2
935 1
936 1
937 -1
938 1
939 -2
940 0
941 1
942 0
943 0
944 1
945 -1
946 0
947 0
948 0
949 0
950 0
951 0
952 0
953 0
954 1
955 1
956 0
957 2
958 0
959 2
960 -1
961 0
962 1
963 0
964 1
965 -1
966 0
967 0
968 0
969 -1
970 0
971 -1
972 0
973 -1
974 2
975 0
976 1
977 0
978 0
979 -1
980 -1
981 3
982 -2
983 3
984 0
985 0
986 -1
987 -1
988 -1
989 -1
990 -3
991 0
992 0
993 -1
994 -1
995 -1
996 3
997 0
998 -5
999 4
1000 -3
1001 -5
1002 0
1003 1
1004 1
1005 -2
1006 1
1007 1
1008 0
1009 0
1010 2
1011 -3
1012 -4
1013 -1
1014 -6
1015 1
1016 3
1017 3
1018 3
1019 1
1020 3
1021 -4
1022 0
1023 2
