   0,        0, 000
   1,        0, 000
   2,        0, 000
   3,        0, 000
   4,        0, 000
   5,        0, 000
   6,        0, 000
   7,        0, 000
   8,        0, 000
   9,        0, 001
  10,        0, 001
  11,        0, 001
  12,        0, 001
  13,        4, 001
  14,        2, 001
  15,        0, 001
  16,        0, 001
  17,        0, 001
  18,        0, 000
  19,        0, 000
  20,        0, 000
  21,        0, 000
  22,        0, 000
  23,        0, 000
  24,        0, 000
  25,        0, 000
  26,        0, 000
  27,        0, 000
  28,        0, 000
  29,        0, 000
  30,        0, 000
  31,        0, 000
  32,        0, 000
  33,        0, 000
  34,        0, 000
  35,        0, 000
  36,        0, 000
  37,        0, 000
  38,        0, 000
  39,        0, 000
  40,        0, 000
  41,        0, 000
  42,        0, 000
  43,        0, 000
  44,        0, 000
  45,        0, 000
  46,        0, 000
  47,        0, 000
  48,        0, 000
  49,        0, 000
  50,        0, 000
  51,        0, 000
  52,        0, 000
  53,        0, 000
  54,        0, 000
  55,        0, 000
  56,        0, 000
  57,        0, 000
  58,        0, 000
  59,        0, 000
  60,        0, 000
  61,        0, 000
  62,        0, 000
  63,        0, 000
  64,        0, 000
  65,        0, 000
  66,        0, 000
  67,        0, 000
  68,        0, 000
  69,        0, 000
  70,        0, 000
  71,        0, 000
  72,        0, 000
  73,        0, 000
  74,        0, 000
  75,        0, 000
  76,        0, 000
  77,        0, 000
  78,        0, 000
  79,        0, 000
  80,        0, 000
  81,        0, 000
  82,        0, 000
  83,        0, 000
  84,        0, 000
  85,        0, 000
  86,        0, 000
  87,        0, 000
  88,        0, 000
  89,        0, 000
  90,        0, 000
  91,        0, 000
  92,        0, 000
  93,        0, 000
  94,        0, 000
  95,        0, 000
  96,        0, 000
  97,        0, 000
  98,        0, 000
  99,        0, 000
 100,        0, 000
 101,        0, 000
 102,        0, 000
 103,        0, 000
 104,        0, 000
 105,        0, 000
 106,        0, 000
 107,        0, 000
 108,        0, 000
 109,        0, 000
 110,        0, 000
 111,        0, 000
 112,        0, 002
 113,        0, 002
 114,        0, 002
 115,        0, 002
 116,        0, 002
 117,        0, 002
 118,        0, 002
 119,        0, 002
 120,        0, 002
 121,        0, 002
 122,        0, 002
 123,        0, 002
 124,        0, 002
 125,        0, 002
 126,        0, 002
 127,        0, 002
 128,        0, 002
 129,        0, 002
 130,        0, 002
 131,        0, 002
 132,        0, 002
 133,        0, 002
 134,        0, 002
 135,        0, 002
 136,        0, 002
 137,        0, 002
 138,        1, 002
 139,        1, 002
 140,        0, 002
 141,        0, 002
 142,        0, 002
 143,        0, 002
 144,        1, 002
 145,        1, 002
 146,        0, 002
 147,        0, 002
 148,        0, 002
 149,        0, 002
 150,        0, 002
 151,        0, 002
 152,        0, 002
 153,        2, 002
 154,        2, 002
 155,        0, 002
 156,        1, 002
 157,        0, 002
 158,        0, 002
 159,        4, 002
 160,        3, 002
 161,        2, 002
 162,        3, 002
 163,        2, 002
 164,        1, 002
 165,        0, 002
 166,        1, 002
 167,        1, 002
 168,        4, 002
 169,        1, 002
 170,        3, 002
 171,        2, 002
 172,        2, 002
 173,        1, 002
 174,        4, 002
 175,        3, 002
 176,        0, 002
 177,        2, 002
 178,        6, 002
 179,        2, 002
 180,        4, 002
 181,        1, 002
 182,        4, 002
 183,        3, 002
 184,        2, 002
 185,        4, 002
 186,        1, 002
 187,        6, 002
 188,        5, 002
 189,        5, 002
 190,        8, 002
 191,        9, 002
 192,        4, 002
 193,       11, 002
 194,        8, 002
 195,        3, 002
 196,        8, 002
 197,        9, 002
 198,        9, 002
 199,       15, 002
 200,       15, 002
 201,       21, 002
 202,       15, 002
 203,        7, 002
 204,       16, 002
 205,       12, 002
 206,       16, 002
 207,       16, 002
 208,       10, 002
 209,       16, 002
 210,       10, 002
 211,       17, 002
 212,       15, 002
 213,       14, 002
 214,       23, 002
 215,       20, 002
 216,       20, 002
 217,       20, 002
 218,       20, 002
 219,       22, 002
 220,       11, 002
 221,       24, 002
 222,       24, 002
 223,       25, 002
 224,       18, 002
 225,       21, 002
 226,       27, 002
 227,       26, 002
 228,       29, 002
 229,       39, 002
 230,       21, 002
 231,       17, 002
 232,       25, 002
 233,       35, 002
 234,       31, 002
 235,       25, 002
 236,       37, 002
 237,       35, 002
 238,       42, 002
 239,       32, 002
 240,       26, 002
 241,       38, 002
 242,       37, 002
 243,       32, 002
 244,       38, 002
 245,       38, 002
 246,       52, 002
 247,       47, 002
 248,       53, 002
 249,       55, 002
 250,       49, 002
 251,       43, 002
 252,       52, 002
 253,       51, 002
 254,       66, 002
 255,       55, 002
 256,       59, 002
 257,       49, 002
 258,       58, 002
 259,       58, 002
 260,       71, 002
 261,       63, 002
 262,       72, 002
 263,       55, 002
 264,       59, 002
 265,       72, 002
 266,       61, 002
 267,       58, 002
 268,       53, 002
 269,       61, 002
 270,       63, 002
 271,       70, 002
 272,       62, 002
 273,       65, 002
 274,       70, 002
 275,       78, 002
 276,       62, 002
 277,       85, 002
 278,       69, 002
 279,       88, 002
 280,       61, 002
 281,       71, 002
 282,       86, 002
 283,       62, 002
 284,       83, 002
 285,       98, 002
 286,       82, 002
 287,       67, 002
 288,       72, 002
 289,       71, 002
 290,       81, 002
 291,       74, 002
 292,       67, 002
 293,       66, 002
 294,       59, 002
 295,       62, 002
 296,       70, 002
 297,       83, 002
 298,       67, 002
 299,       77, 002
 300,       68, 002
 301,       71, 002
 302,       88, 002
 303,       68, 002
 304,       78, 002
 305,       78, 002
 306,       75, 002
 307,       69, 002
 308,       87, 002
 309,       81, 002
 310,       67, 002
 311,       60, 002
 312,       77, 002
 313,       87, 002
 314,       66, 002
 315,       80, 002
 316,       73, 002
 317,       69, 002
 318,       69, 002
 319,       76, 002
 320,       64, 002
 321,       82, 002
 322,       53, 002
 323,       74, 002
 324,       74, 002
 325,       75, 002
 326,       69, 002
 327,       45, 002
 328,       61, 002
 329,       52, 002
 330,       64, 002
 331,       57, 002
 332,       63, 002
 333,       65, 002
 334,       66, 002
 335,       74, 002
 336,       69, 002
 337,       63, 002
 338,       65, 002
 339,       57, 002
 340,       63, 002
 341,       61, 002
 342,       62, 002
 343,       39, 002
 344,       58, 002
 345,       66, 002
 346,       63, 002
 347,       54, 002
 348,       47, 002
 349,       53, 002
 350,       47, 002
 351,       48, 002
 352,       39, 002
 353,       45, 002
 354,       59, 002
 355,       55, 002
 356,       60, 002
 357,       44, 002
 358,       44, 002
 359,       46, 002
 360,       41, 002
 361,       30, 002
 362,       27, 002
 363,       32, 002
 364,       32, 002
 365,       35, 002
 366,       34, 002
 367,       32, 002
 368,       29, 002
 369,       33, 002
 370,       24, 002
 371,       38, 002
 372,       31, 002
 373,       25, 002
 374,       30, 002
 375,       24, 002
 376,       33, 002
 377,       31, 002
 378,       23, 002
 379,       25, 002
 380,       27, 002
 381,       26, 002
 382,       31, 002
 383,       27, 002
 384,       27, 002
 385,       33, 002
 386,       30, 002
 387,       21, 002
 388,       23, 002
 389,       14, 002
 390,       26, 002
 391,       16, 002
 392,       16, 002
 393,       18, 002
 394,       17, 002
 395,       20, 002
 396,       17, 002
 397,       13, 002
 398,       13, 002
 399,       15, 002
 400,       12, 002
 401,       14, 002
 402,       13, 002
 403,       20, 002
 404,       15, 002
 405,       14, 002
 406,        6, 002
 407,        9, 002
 408,       20, 002
 409,       11, 002
 410,       16, 002
 411,       11, 002
 412,       10, 002
 413,       15, 002
 414,        9, 002
 415,       11, 002
 416,        9, 002
 417,        6, 002
 418,        5, 002
 419,        4, 002
 420,        7, 002
 421,        5, 002
 422,        7, 002
 423,        5, 002
 424,        3, 002
 425,        5, 002
 426,        4, 002
 427,        1, 002
 428,        3, 002
 429,        5, 002
 430,        2, 002
 431,        6, 002
 432,        4, 002
 433,        7, 002
 434,        3, 002
 435,        3, 002
 436,        6, 002
 437,        2, 002
 438,        4, 002
 439,        3, 002
 440,        5, 002
 441,        4, 002
 442,        2, 002
 443,        0, 002
 444,        5, 002
 445,        4, 002
 446,        2, 002
 447,        6, 002
 448,        1, 002
 449,        5, 002
 450,        2, 002
 451,        0, 002
 452,        0, 002
 453,        2, 002
 454,        1, 002
 455,        2, 002
 456,        1, 002
 457,        2, 002
 458,        0, 002
 459,        1, 002
 460,        2, 002
 461,        1, 002
 462,        1, 002
 463,        1, 002
 464,        1, 002
 465,        1, 002
 466,        0, 002
 467,        0, 002
 468,        0, 002
 469,        0, 002
 470,        1, 002
 471,        0, 002
 472,        0, 002
 473,        0, 002
 474,        1, 002
 475,        0, 002
 476,        0, 002
 477,        3, 002
 478,        1, 002
 479,        1, 002
 480,        0, 002
 481,        0, 002
 482,        1, 002
 483,        0, 002
 484,        2, 002
 485,        1, 002
 486,        0, 002
 487,        1, 002
 488,        0, 002
 489,        0, 002
 490,        0, 002
 491,        0, 002
 492,        0, 002
 493,        0, 002
 494,        0, 002
 495,        0, 002
 496,        0, 002
 497,        0, 002
 498,        0, 002
 499,        2, 002
 500,        0, 002
 501,        0, 002
 502,        0, 002
 503,        0, 002
 504,        0, 002
 505,        0, 002
 506,        0, 002
 507,        0, 002
 508,        0, 000
 509,        0, 000
 510,        0, 000
 511,        0, 000
 512,        0, 000
 513,        0, 000
 514,        0, 000
 515,        0, 000
 516,        0, 000
 517,        0, 000
 518,        0, 000
 519,        0, 000
 520,        0, 000
 521,        0, 000
 522,        0, 000
 523,        0, 000
 524,        0, 000
 525,        0, 000
 526,        0, 000
 527,        0, 000
 528,        0, 000
 529,        0, 000
 530,        0, 000
 531,        0, 000
 532,        0, 000
 533,        0, 000
 534,        0, 000
 535,        0, 000
 536,        0, 000
 537,        0, 000
 538,        0, 000
 539,        0, 000
 540,        0, 000
 541,        0, 000
 542,        0, 000
 543,        0, 000
 544,        0, 000
 545,        0, 000
 546,        0, 000
 547,        0, 000
 548,        0, 000
 549,        0, 000
 550,        0, 000
 551,        0, 000
 552,        0, 000
 553,        0, 000
 554,        0, 000
 555,        0, 000
 556,        0, 000
 557,        0, 000
 558,        0, 000
 559,        0, 000
 560,        0, 000
 561,        0, 000
 562,        0, 000
 563,        0, 000
 564,        0, 000
 565,        0, 000
 566,        0, 000
 567,        0, 000
 568,        0, 000
 569,        0, 000
 570,        0, 000
 571,        0, 000
 572,        0, 000
 573,        0, 000
 574,        0, 000
 575,        0, 000
 576,        0, 000
 577,        0, 000
 578,        0, 000
 579,        0, 000
 580,        0, 000
 581,        0, 000
 582,        0, 000
 583,        0, 000
 584,        0, 000
 585,        0, 000
 586,        0, 000
 587,        0, 000
 588,        0, 000
 589,        0, 000
 590,        0, 000
 591,        0, 000
 592,        0, 000
 593,        0, 000
 594,        0, 000
 595,        0, 000
 596,        0, 000
 597,        0, 000
 598,        0, 000
 599,        0, 000
 600,        0, 000
 601,        0, 000
 602,        0, 000
 603,        0, 000
 604,        0, 000
 605,        0, 000
 606,        0, 000
 607,        0, 000
 608,        0, 000
 609,        0, 000
 610,        0, 000
 611,        0, 000
 612,        0, 000
 613,        0, 000
 614,        0, 000
 615,        0, 000
 616,        0, 000
 617,        0, 000
 618,        0, 000
 619,        0, 000
 620,        0, 000
 621,        0, 000
 622,        0, 000
 623,        0, 000
 624,        0, 000
 625,        0, 000
 626,        0, 000
 627,        0, 000
 628,        0, 000
 629,        0, 000
 630,        0, 000
 631,        0, 000
 632,        0, 000
 633,        0, 000
 634,        0, 000
 635,        0, 000
 636,        0, 000
 637,        0, 000
 638,        0, 000
 639,        0, 000
 640,        0, 000
 641,        0, 000
 642,        0, 000
 643,        0, 000
 644,        0, 000
 645,        0, 000
 646,        0, 000
 647,        0, 000
 648,        0, 000
 649,        0, 000
 650,        0, 000
 651,        0, 000
 652,        0, 000
 653,        0, 000
 654,        0, 000
 655,        0, 000
 656,        0, 000
 657,        0, 000
 658,        0, 000
 659,        0, 000
 660,        0, 000
 661,        0, 000
 662,        0, 000
 663,        0, 000
 664,        0, 000
 665,        0, 000
 666,        0, 000
 667,        0, 000
 668,        0, 000
 669,        0, 000
 670,        0, 000
 671,        0, 000
 672,        0, 000
 673,        0, 000
 674,        0, 000
 675,        0, 000
 676,        0, 000
 677,        0, 000
 678,        0, 000
 679,        0, 000
 680,        0, 000
 681,        0, 000
 682,        0, 000
 683,        0, 000
 684,        0, 000
 685,        0, 000
 686,        0, 000
 687,        0, 000
 688,        0, 000
 689,        0, 000
 690,        0, 000
 691,        0, 000
 692,        0, 000
 693,        0, 000
 694,        0, 000
 695,        0, 000
 696,        0, 000
 697,        0, 000
 698,        0, 000
 699,        0, 000
 700,        0, 000
 701,        0, 000
 702,        0, 000
 703,        0, 000
 704,        0, 000
 705,        0, 000
 706,        0, 000
 707,        0, 000
 708,        0, 000
 709,        0, 000
 710,        0, 000
 711,        0, 000
 712,        0, 000
 713,        0, 000
 714,        0, 000
 715,        0, 000
 716,        0, 000
 717,        0, 000
 718,        0, 000
 719,        0, 000
 720,        0, 000
 721,        0, 000
 722,        0, 000
 723,        0, 000
 724,        0, 000
 725,        0, 000
 726,        0, 000
 727,        0, 000
 728,        0, 000
 729,        0, 000
 730,        0, 000
 731,        0, 000
 732,        0, 000
 733,        0, 000
 734,        0, 000
 735,        0, 000
 736,        0, 000
 737,        0, 000
 738,        0, 000
 739,        0, 000
 740,        0, 000
 741,        0, 000
 742,        0, 000
 743,        0, 000
 744,        0, 000
 745,        0, 000
 746,        0, 000
 747,        0, 000
 748,        0, 000
 749,        0, 000
 750,        0, 000
 751,        0, 000
 752,        0, 000
 753,        0, 000
 754,        0, 000
 755,        0, 000
 756,        0, 000
 757,        0, 000
 758,        0, 000
 759,        0, 000
 760,        0, 000
 761,        0, 000
 762,        0, 000
 763,        0, 000
 764,        0, 000
 765,        0, 000
 766,        0, 000
 767,        0, 000
 768,        0, 000
 769,        0, 000
 770,        0, 000
 771,        0, 000
 772,        0, 000
 773,        0, 000
 774,        0, 000
 775,        0, 000
 776,        0, 000
 777,        0, 000
 778,        0, 000
 779,        0, 000
 780,        0, 000
 781,        0, 000
 782,        0, 000
 783,        0, 000
 784,        0, 000
 785,        0, 000
 786,        0, 000
 787,        0, 000
 788,        0, 000
 789,        0, 000
 790,        0, 000
 791,        0, 000
 792,        0, 000
 793,        0, 000
 794,        0, 000
 795,        0, 000
 796,        0, 000
 797,        0, 000
 798,        0, 000
 799,        0, 000
 800,        0, 000
 801,        0, 000
 802,        0, 000
 803,        0, 000
 804,        0, 000
 805,        0, 000
 806,        0, 000
 807,        0, 000
 808,        0, 000
 809,        0, 000
 810,        0, 000
 811,        0, 000
 812,        0, 000
 813,        0, 000
 814,        0, 000
 815,        0, 000
 816,        0, 000
 817,        0, 000
 818,        0, 000
 819,        0, 000
 820,        0, 000
 821,        0, 000
 822,        0, 000
 823,        0, 000
 824,        0, 000
 825,        0, 000
 826,        0, 000
 827,        0, 000
 828,        0, 000
 829,        0, 000
 830,        0, 000
 831,        0, 000
 832,        0, 000
 833,        0, 000
 834,        0, 000
 835,        0, 000
 836,        0, 000
 837,        0, 000
 838,        0, 000
 839,        0, 000
 840,        0, 000
 841,        0, 000
 842,        0, 000
 843,        0, 000
 844,        0, 000
 845,        0, 000
 846,        0, 000
 847,        0, 000
 848,        0, 000
 849,        0, 000
 850,        0, 000
 851,        0, 000
 852,        0, 000
 853,        0, 000
 854,        0, 000
 855,        0, 000
 856,        0, 000
 857,        0, 000
 858,        0, 000
 859,        0, 000
 860,        0, 000
 861,        0, 000
 862,        0, 000
 863,        0, 000
 864,        0, 000
 865,        0, 000
 866,        0, 000
 867,        0, 000
 868,        0, 000
 869,        0, 000
 870,        0, 000
 871,        0, 000
 872,        0, 000
 873,        0, 000
 874,        0, 000
 875,        0, 000
 876,        0, 000
 877,        0, 000
 878,        0, 000
 879,        0, 000
 880,        0, 000
 881,        0, 000
 882,        0, 000
 883,        0, 000
 884,        0, 000
 885,        0, 000
 886,        0, 000
 887,        0, 000
 888,        0, 000
 889,        0, 000
 890,        0, 000
 891,        0, 000
 892,        0, 000
 893,        0, 000
 894,        0, 000
 895,        0, 000
 896,        0, 000
 897,        0, 000
 898,        0, 000
 899,        0, 000
 900,        0, 000
 901,        0, 000
 902,        0, 000
 903,        0, 000
 904,        0, 000
 905,        0, 000
 906,        0, 000
 907,        0, 000
 908,        0, 000
 909,        0, 000
 910,        0, 000
 911,        0, 000
 912,        0, 000
 913,        0, 000
 914,        0, 000
 915,        0, 000
 916,        0, 000
 917,        0, 000
 918,        0, 000
 919,        0, 000
 920,        0, 000
 921,        0, 000
 922,        0, 000
 923,        0, 000
 924,        0, 000
 925,        0, 000
 926,        0, 000
 927,        0, 000
 928,        0, 000
 929,        0, 000
 930,        0, 000
 931,        0, 000
 932,        0, 000
 933,        0, 000
 934,        0, 000
 935,        0, 000
 936,        0, 000
 937,        0, 000
 938,        0, 000
 939,        0, 000
 940,        0, 000
 941,        0, 000
 942,        0, 000
 943,        0, 000
 944,        0, 000
 945,        0, 000
 946,        0, 000
 947,        0, 000
 948,        0, 000
 949,        0, 000
 950,        0, 000
 951,        0, 000
 952,        0, 000
 953,        0, 000
 954,        0, 000
 955,        0, 000
 956,        0, 000
 957,        0, 000
 958,        0, 000
 959,        0, 000
 960,        0, 000
 961,        0, 000
 962,        0, 000
 963,        0, 000
 964,        0, 000
 965,        0, 000
 966,        0, 000
 967,        0, 000
 968,        0, 000
 969,        0, 000
 970,        0, 000
 971,        0, 000
 972,        0, 000
 973,        0, 000
 974,        0, 000
 975,        0, 000
 976,        0, 000
 977,        0, 000
 978,        0, 000
 979,        0, 000
 980,        0, 000
 981,        0, 000
 982,        0, 000
 983,        0, 000
 984,        0, 000
 985,        0, 000
 986,        0, 000
 987,        0, 000
 988,        0, 000
 989,        0, 000
 990,        0, 000
 991,        0, 000
 992,        0, 000
 993,        0, 000
 994,        0, 000
 995,        0, 000
 996,        0, 000
 997,        0, 000
 998,        0, 000
 999,        0, 000
1000,        0, 000
1001,        0, 000
1002,        0, 000
1003,        0, 000
1004,        0, 000
1005,        0, 000
1006,        0, 000
1007,        0, 000
1008,        0, 000
1009,        0, 000
1010,        0, 000
1011,        0, 000
1012,        0, 000
1013,        0, 000
1014,        0, 000
1015,        0, 000
1016,        0, 000
1017,        0, 000
1018,        0, 000
1019,        0, 000
1020,        0, 000
1021,        0, 000
1022,        0, 000
1023,        0, 000
