0 0
1 0
2 0
3 0
4 0
5 0
6 0
7 0
8 0
9 0
10 0
11 0
12 0
13 61
14 109
15 136
16 123
17 143
18 135
19 123
20 141
21 108
22 134
23 125
24 161
25 178
26 199
27 264
28 297
29 253
30 229
31 194
32 166
33 141
34 118
35 153
36 142
37 165
38 167
39 139
40 163
41 161
42 135
43 150
44 129
45 161
46 149
47 149
48 139
49 118
50 155
51 139
52 192
53 172
54 151
55 152
56 158
57 172
58 157
59 228
60 232
61 261
62 227
63 237
64 202
65 176
66 155
67 190
68 188
69 195
70 204
71 196
72 202
73 161
74 171
75 133
76 170
77 128
78 167
79 148
80 150
81 206
82 183
83 164
84 166
85 201
86 150
87 154
88 184
89 187
90 169
91 204
92 195
93 162
94 179
95 196
96 229
97 160
98 203
99 209
100 188
101 218
102 229
103 147
104 194
105 219
106 206
107 197
108 217
109 218
110 191
111 193
112 222
113 215
114 253
115 157
116 214
117 253
118 230
119 225
120 196
121 228
122 240
123 252
124 222
125 260
126 249
127 242
128 285
129 253
130 293
131 300
132 342
133 367
134 368
135 381
136 358
137 360
138 353
139 373
140 369
141 413
142 325
143 361
144 333
145 357
146 351
147 389
148 305
149 361
150 347
151 255
152 328
153 312
154 325
155 286
156 279
157 281
158 289
159 312
160 250
161 260
162 293
163 252
164 247
165 280
166 297
167 274
168 269
169 276
170 249
171 241
172 253
173 234
174 221
175 248
176 222
177 257
178 211
179 231
180 244
181 249
182 193
183 223
184 231
185 215
186 199
187 184
188 204
189 186
190 221
191 204
192 224
193 198
194 208
195 197
196 176
197 188
198 169
199 192
200 195
201 209
202 160
203 172
204 160
205 198
206 193
207 158
208 187
209 141
210 153
211 170
212 180
213 184
214 181
215 180
216 151
217 155
218 158
219 160
220 174
221 178
222 145
223 167
224 173
225 156
226 152
227 148
228 153
229 164
230 152
231 178
232 163
233 154
234 133
235 134
236 176
237 148
238 139
239 152
240 146
241 146
242 146
243 160
244 152
245 143
246 171
247 155
248 154
249 170
250 163
251 186
252 156
253 153
254 164
255 161
256 154
257 178
258 155
259 158
260 170
261 162
262 147
263 169
264 175
265 185
266 155
267 187
268 156
269 182
270 144
271 172
272 155
273 188
274 154
275 195
276 174
277 174
278 174
279 163
280 165
281 169
282 180
283 162
284 187
285 158
286 166
287 183
288 170
289 151
290 138
291 166
292 155
293 155
294 146
295 139
296 150
297 136
298 140
299 126
300 145
301 96
302 97
303 104
304 101
305 71
306 91
307 86
308 83
309 70
310 77
311 63
312 57
313 63
314 63
315 46
316 66
317 43
318 52
319 47
320 46
321 44
322 46
323 36
324 44
325 45
326 38
327 37
328 32
329 41
330 42
331 35
332 40
333 35
334 45
335 33
336 31
337 17
338 25
339 22
340 32
341 24
342 20
343 31
344 22
345 17
346 21
347 12
348 17
349 21
350 16
351 21
352 24
353 18
354 26
355 20
356 13
357 21
358 27
359 29
360 23
361 20
362 16
363 13
364 23
365 22
366 18
367 17
368 10
369 20
370 11
371 23
372 15
373 19
374 16
375 17
376 20
377 12
378 26
379 27
380 14
381 1
382 9
383 27
384 10
385 31
386 23
387 39
388 30
389 40
390 50
391 52
392 62
393 76
394 102
395 114
396 136
397 161
398 218
399 208
400 263
401 300
402 333
403 376
404 439
405 492
406 561
407 627
408 646
409 769
410 766
411 798
412 868
413 924
414 988
415 984
416 1009
417 999
418 1056
419 1047
420 994
421 978
422 995
423 941
424 885
425 822
426 753
427 700
428 646
429 607
430 485
431 453
432 438
433 330
434 277
435 261
436 207
437 144
438 126
439 109
440 84
441 72
442 57
443 54
444 22
445 17
446 26
447 13
448 14
449 6
450 2
451 11
452 1
453 0
454 -5
455 5
456 1
457 -1
458 5
459 5
460 1
461 -3
462 -5
463 -2
464 4
465 -6
466 8
467 0
468 -2
469 4
470 2
471 -5
472 -4
473 0
474 4
475 0
476 -4
477 -4
478 3
479 2
480 -2
481 4
482 -2
483 0
484 -1
485 -4
486 -3
487 -1
488 -2
489 0
490 2
491 -4
492 4
493 -4
494 -1
495 1
496 6
497 -5
498 0
499 1
500 1
501 -3
502 -1
503 1
504 1
505 3
506 0
507 -4
508 3
509 3
510 0
511 2
512 7
513 1
514 -3
515 -3
516 1
517 -2
518 3
519 3
520 2
521 2
522 0
523 2
524 3
525 6
526 -2
527 -3
528 0
529 -1
530 2
531 -4
532 1
533 2
534 1
535 2
536 2
537 3
538 -4
539 2
540 -2
541 -1
542 -1
543 -1
544 2
545 0
546 0
547 -3
548 1
549 0
550 -2
551 3
552 -1
553 -4
554 -2
555 3
556 0
557 -4
558 -1
559 1
560 0
561 -1
562 -2
563 -1
564 1
565 -1
566 0
567 1
568 -1
569 2
570 0
571 1
572 -2
573 -3
574 -6
575 1
576 1
577 1
578 -1
579 -1
580 -6
581 -4
582 5
583 2
584 4
585 2
586 2
587 0
588 -2
589 2
590 2
591 1
592 -4
593 4
594 0
595 1
596 -1
597 6
598 3
599 -1
600 1
601 2
602 0
603 -9
604 3
605 -2
606 5
607 5
608 1
609 -1
610 -2
611 2
612 -4
613 -2
614 -2
615 -3
616 2
617 0
618 0
619 -1
620 0
621 0
622 -4
623 -1
624 0
625 3
626 -1
627 -2
628 2
629 0
630 -3
631 0
632 1
633 3
634 3
635 1
636 1
637 -3
638 0
639 1
640 2
641 -2
642 -2
643 3
644 3
645 -2
646 -2
647 -2
648 0
649 -2
650 -1
651 -3
652 1
653 1
654 0
655 1
656 2
657 2
658 0
659 -3
660 -1
661 -1
662 0
663 0
664 0
665 0
666 -1
667 2
668 1
669 -1
670 -2
671 -1
672 -2
673 3
674 1
675 -3
676 2
677 1
678 2
679 -1
680 -1
681 -2
682 1
683 -1
684 3
685 2
686 0
687 0
688 3
689 -2
690 -1
691 0
692 -4
693 7
694 0
695 -3
696 2
697 4
698 -2
699 3
700 4
701 0
702 5
703 4
704 1
705 1
706 -3
707 5
708 1
709 1
710 3
711 3
712 -3
713 -1
714 1
715 -3
716 -1
717 1
718 4
719 2
720 1
721 0
722 -2
723 -2
724 3
725 -1
726 -2
727 2
728 0
729 -2
730 -1
731 -2
732 1
733 0
734 1
735 1
736 0
737 -6
738 -3
739 -2
740 1
741 1
742 3
743 4
744 2
745 0
746 -5
747 1
748 0
749 1
750 3
751 0
752 1
753 2
754 -1
755 -2
756 -1
757 -1
758 0
759 0
760 0
761 -2
762 -1
763 -1
764 2
765 -1
766 -1
767 -1
768 -1
769 2
770 -1
771 -2
772 0
773 1
774 0
775 -1
776 -3
777 1
778 -2
779 0
780 -1
781 -1
782 1
783 -1
784 0
785 -1
786 1
787 0
788 0
789 0
790 2
791 0
792 1
793 1
794 -3
795 0
796 -1
797 -1
798 0
799 1
800 1
801 0
802 -4
803 -1
804 2
805 0
806 0
807 2
808 -1
809 0
810 -1
811 -1
812 1
813 0
814 -1
815 0
816 3
817 0
818 0
819 1
820 1
821 0
822 4
823 1
824 -1
825 1
826 1
827 3
828 0
829 1
830 0
831 1
832 -1
833 -2
834 -1
835 2
836 -2
837 1
838 0
839 -1
840 1
841 2
842 2
843 2
844 1
845 -3
846 0
847 -1
848 0
849 2
850 -1
851 -1
852 -4
853 1
854 -2
855 -1
856 -3
857 2
858 -2
859 1
860 -1
861 2
862 1
863 3
864 1
865 2
866 1
867 3
868 1
869 -6
870 0
871 -3
872 2
873 4
874 -4
875 2
876 0
877 5
878 0
879 6
880 -5
881 -2
882 1
883 -5
884 0
885 -1
886 -4
887 -2
888 5
889 -2
890 0
891 1
892 -1
893 -1
894 1
895 1
896 3
897 -1
898 0
899 3
900 -2
901 0
902 2
903 0
904 0
905 1
906 1
907 3
908 1
909 -1
910 2
911 -2
912 1
913 0
914 1
915 -1
916 0
917 -1
918 1
919 -1
920 0
921 1
922 -2
923 0
924 1
925 1
926 0
927 -1
928 0
929 1
930 0
931 1
932 1
933 0
934 -2
935 0
936 0
937 -1
938 1
939 -2
940 0
941 1
942 0
943 0
944 0
945 -1
946 0
947 0
948 1
949 1
950 0
951 1
952 2
953 0
954 0
955 0
956 1
957 0
958 0
959 1
960 -1
961 0
962 0
963 1
964 0
965 -1
966 0
967 0
968 1
969 0
970 0
971 -1
972 0
973 -1
974 1
975 0
976 1
977 1
978 0
979 -1
980 -1
981 1
982 -2
983 4
984 -1
985 3
986 1
987 -1
988 0
989 -1
990 -4
991 1
992 -1
993 -2
994 -3
995 3
996 0
997 0
998 -4
999 2
1000 -3
1001 -4
1002 1
1003 0
1004 -1
1005 -1
1006 0
1007 2
1008 2
1009 1
1010 -1
1011 -3
1012 -2
1013 1
1014 -6
1015 -1
1016 -1
1017 5
1018 1
1019 4
1020 -3
1021 -6
1022 -2
1023 4
