   0,        0, 000
   1,        0, 000
   2,        0, 000
   3,        0, 000
   4,        0, 000
   5,        0, 000
   6,        0, 000
   7,        0, 000
   8,        0, 000
   9,        0, 000
  10,        0, 001
  11,        0, 001
  12,        0, 001
  13,        0, 001
  14,        0, 001
  15,        0, 001
  16,        0, 001
  17,        0, 001
  18,        0, 001
  19,        0, 001
  20,        0, 001
  21,        0, 001
  22,        0, 001
  23,        1, 001
  24,        1, 001
  25,        0, 001
  26,        0, 001
  27,        0, 001
  28,        0, 001
  29,        0, 001
  30,        0, 001
  31,        0, 001
  32,        1, 001
  33,        0, 001
  34,        1, 001
  35,        0, 001
  36,        0, 001
  37,        0, 001
  38,        1, 001
  39,        0, 001
  40,        0, 001
  41,        1, 001
  42,        0, 001
  43,        0, 001
  44,        0, 001
  45,        0, 001
  46,        0, 001
  47,        0, 001
  48,        1, 001
  49,        1, 001
  50,        1, 001
  51,        1, 001
  52,        0, 001
  53,        0, 001
  54,        0, 000
  55,        1, 000
  56,        0, 000
  57,        0, 000
  58,        0, 000
  59,        0, 000
  60,        1, 000
  61,        0, 000
  62,        0, 000
  63,        0, 000
  64,        0, 000
  65,        0, 000
  66,        0, 000
  67,        0, 000
  68,        0, 000
  69,        0, 000
  70,        1, 000
  71,        1, 000
  72,        0, 000
  73,        0, 000
  74,        0, 000
  75,        0, 000
  76,        0, 000
  77,        0, 000
  78,        1, 000
  79,        0, 000
  80,        1, 000
  81,        1, 000
  82,        0, 000
  83,        0, 000
  84,        0, 000
  85,        0, 000
  86,        0, 002
  87,        0, 002
  88,        0, 002
  89,        0, 002
  90,        0, 002
  91,        0, 002
  92,        0, 002
  93,        0, 002
  94,        0, 002
  95,        0, 002
  96,        1, 002
  97,        0, 002
  98,        0, 002
  99,        2, 002
 100,        0, 002
 101,        0, 002
 102,        0, 002
 103,        0, 002
 104,        0, 002
 105,        1, 002
 106,        0, 002
 107,        0, 002
 108,        0, 002
 109,        0, 002
 110,        0, 002
 111,        0, 002
 112,        0, 002
 113,        0, 002
 114,        0, 002
 115,        0, 002
 116,        0, 002
 117,        0, 002
 118,        0, 002
 119,        1, 002
 120,        1, 002
 121,        0, 002
 122,        2, 000
 123,        0, 000
 124,        0, 000
 125,        0, 000
 126,        0, 000
 127,        0, 000
 128,        0, 000
 129,        0, 000
 130,        1, 000
 131,        0, 000
 132,        1, 000
 133,        0, 000
 134,        0, 000
 135,        0, 000
 136,        0, 000
 137,        0, 000
 138,        0, 000
 139,        0, 000
 140,        1, 000
 141,        0, 000
 142,        0, 000
 143,        0, 000
 144,        0, 000
 145,        1, 000
 146,        1, 000
 147,        0, 000
 148,        1, 000
 149,        0, 000
 150,        0, 000
 151,        0, 000
 152,        1, 000
 153,        1, 000
 154,        0, 000
 155,        0, 000
 156,        0, 000
 157,        0, 000
 158,        0, 000
 159,        1, 000
 160,        0, 000
 161,        2, 000
 162,        0, 000
 163,        0, 000
 164,        0, 000
 165,        1, 000
 166,        0, 000
 167,        0, 000
 168,        0, 000
 169,        0, 000
 170,        1, 000
 171,        0, 000
 172,        0, 000
 173,        1, 000
 174,        1, 000
 175,        0, 000
 176,        0, 000
 177,        0, 000
 178,        0, 000
 179,        0, 000
 180,        0, 000
 181,        0, 000
 182,        1, 000
 183,        1, 000
 184,        0, 000
 185,        1, 000
 186,        1, 000
 187,        0, 000
 188,        1, 000
 189,        1, 000
 190,        0, 000
 191,        0, 000
 192,        0, 000
 193,        0, 000
 194,        0, 000
 195,        0, 000
 196,        1, 000
 197,        0, 000
 198,        1, 000
 199,        0, 003
 200,        0, 003
 201,        1, 003
 202,        0, 003
 203,        1, 003
 204,        0, 003
 205,        1, 003
 206,        2, 003
 207,        0, 003
 208,        1, 003
 209,        0, 003
 210,        0, 003
 211,        0, 003
 212,        0, 003
 213,        1, 003
 214,        1, 003
 215,        0, 003
 216,        0, 003
 217,        1, 003
 218,        0, 003
 219,        0, 003
 220,        0, 003
 221,        0, 003
 222,        0, 003
 223,        0, 003
 224,        0, 003
 225,        0, 003
 226,        0, 003
 227,        1, 003
 228,        1, 003
 229,        1, 003
 230,        0, 003
 231,        1, 003
 232,        0, 003
 233,        2, 003
 234,        0, 003
 235,        0, 003
 236,        1, 003
 237,        1, 003
 238,        0, 003
 239,        2, 003
 240,        0, 003
 241,        2, 003
 242,        1, 003
 243,        1, 003
 244,        0, 003
 245,        4, 003
 246,        0, 003
 247,        0, 003
 248,        0, 003
 249,        0, 000
 250,        1, 000
 251,        1, 000
 252,        0, 000
 253,        0, 000
 254,        0, 000
 255,        0, 000
 256,        0, 000
 257,        0, 000
 258,        0, 000
 259,        0, 000
 260,        1, 000
 261,        0, 000
 262,        0, 000
 263,        1, 000
 264,        1, 000
 265,        0, 000
 266,        2, 000
 267,        1, 000
 268,        1, 000
 269,        1, 000
 270,        0, 000
 271,        0, 000
 272,        2, 000
 273,        0, 000
 274,        1, 000
 275,        0, 000
 276,        3, 000
 277,        0, 000
 278,        0, 000
 279,        0, 000
 280,        0, 000
 281,        0, 000
 282,        1, 000
 283,        0, 000
 284,        0, 000
 285,        0, 000
 286,        0, 000
 287,        1, 000
 288,        1, 000
 289,        3, 000
 290,        0, 000
 291,        0, 000
 292,        0, 000
 293,        1, 000
 294,        0, 000
 295,        0, 000
 296,        0, 000
 297,        0, 000
 298,        0, 000
 299,        0, 000
 300,        1, 000
 301,        0, 000
 302,        0, 000
 303,        0, 000
 304,        0, 000
 305,        0, 000
 306,        0, 000
 307,        0, 000
 308,        0, 000
 309,        0, 000
 310,        0, 000
 311,        1, 000
 312,        0, 000
 313,        0, 000
 314,        0, 000
 315,        0, 000
 316,        1, 000
 317,        0, 000
 318,        0, 000
 319,        0, 000
 320,        0, 000
 321,        0, 000
 322,        2, 000
 323,        0, 000
 324,        1, 000
 325,        0, 000
 326,        0, 000
 327,        1, 000
 328,        2, 000
 329,        0, 000
 330,        0, 000
 331,        0, 000
 332,        2, 000
 333,        0, 000
 334,        0, 000
 335,        1, 000
 336,        1, 000
 337,        0, 000
 338,        1, 000
 339,        0, 000
 340,        0, 000
 341,        0, 000
 342,        0, 000
 343,        1, 000
 344,        0, 000
 345,        2, 000
 346,        4, 000
 347,        0, 000
 348,        3, 000
 349,        0, 000
 350,        1, 000
 351,        1, 000
 352,        0, 000
 353,        0, 000
 354,        0, 000
 355,        0, 000
 356,        0, 000
 357,        0, 000
 358,        1, 000
 359,        1, 000
 360,        0, 000
 361,        1, 000
 362,        0, 000
 363,        0, 000
 364,        1, 000
 365,        0, 000
 366,        1, 000
 367,        1, 000
 368,        1, 000
 369,        0, 000
 370,        1, 000
 371,        3, 000
 372,        0, 000
 373,        1, 000
 374,        2, 000
 375,        0, 000
 376,        2, 000
 377,        1, 000
 378,        0, 000
 379,        1, 000
 380,        0, 000
 381,        3, 000
 382,        0, 000
 383,        1, 000
 384,        1, 004
 385,        0, 004
 386,        1, 004
 387,        1, 004
 388,        0, 004
 389,        2, 004
 390,        0, 004
 391,        1, 004
 392,        1, 004
 393,        0, 004
 394,        0, 004
 395,        1, 004
 396,        0, 004
 397,        0, 004
 398,        1, 004
 399,        0, 004
 400,        0, 004
 401,        2, 004
 402,        1, 004
 403,        3, 004
 404,        1, 004
 405,        3, 004
 406,        3, 004
 407,        0, 004
 408,        5, 004
 409,        2, 004
 410,        1, 004
 411,        0, 004
 412,        1, 004
 413,        1, 004
 414,        0, 004
 415,        1, 004
 416,        1, 004
 417,        1, 004
 418,        0, 004
 419,        1, 004
 420,        1, 004
 421,        1, 004
 422,        2, 004
 423,        1, 004
 424,        0, 004
 425,        3, 004
 426,        1, 004
 427,        1, 004
 428,        1, 004
 429,        0, 004
 430,        1, 004
 431,        1, 004
 432,        1, 004
 433,        2, 004
 434,        1, 004
 435,        1, 004
 436,        0, 004
 437,        1, 004
 438,        0, 004
 439,        0, 004
 440,        2, 004
 441,        1, 004
 442,        2, 004
 443,        3, 004
 444,        1, 004
 445,        1, 004
 446,        1, 004
 447,        3, 004
 448,        1, 004
 449,        0, 004
 450,        1, 004
 451,        1, 004
 452,        1, 004
 453,        4, 004
 454,        1, 004
 455,        1, 004
 456,        1, 000
 457,        2, 000
 458,        2, 000
 459,        2, 000
 460,        1, 000
 461,        3, 000
 462,        0, 000
 463,        2, 000
 464,        1, 000
 465,        0, 000
 466,        0, 000
 467,        3, 000
 468,        1, 000
 469,        1, 000
 470,        2, 000
 471,        1, 000
 472,        1, 000
 473,        3, 000
 474,        0, 000
 475,        1, 000
 476,        1, 000
 477,        0, 000
 478,        2, 000
 479,        0, 000
 480,        2, 000
 481,        1, 000
 482,        4, 000
 483,        0, 005
 484,        2, 005
 485,        0, 005
 486,        0, 005
 487,        1, 005
 488,        0, 005
 489,        3, 005
 490,        1, 005
 491,        0, 005
 492,        2, 005
 493,        2, 005
 494,        0, 005
 495,        2, 005
 496,        1, 005
 497,        1, 005
 498,        3, 005
 499,        0, 005
 500,        2, 005
 501,        4, 005
 502,        4, 005
 503,        3, 005
 504,        1, 005
 505,        1, 005
 506,        3, 005
 507,        2, 005
 508,        2, 005
 509,        0, 005
 510,        1, 005
 511,        1, 000
 512,        1, 000
 513,        0, 000
 514,        2, 000
 515,        4, 000
 516,        1, 000
 517,        4, 000
 518,        6, 000
 519,        6, 000
 520,        2, 000
 521,        2, 000
 522,        2, 000
 523,        3, 000
 524,        2, 000
 525,        0, 000
 526,        3, 000
 527,        1, 000
 528,        4, 000
 529,        2, 000
 530,        5, 000
 531,        4, 000
 532,        6, 000
 533,        4, 000
 534,        1, 000
 535,        5, 000
 536,        2, 000
 537,        3, 000
 538,        4, 000
 539,        5, 000
 540,        4, 000
 541,        6, 000
 542,        4, 000
 543,        3, 000
 544,        5, 000
 545,        2, 000
 546,       10, 000
 547,        4, 000
 548,        4, 000
 549,        5, 000
 550,        9, 000
 551,        5, 000
 552,        6, 000
 553,        1, 000
 554,        6, 000
 555,        3, 000
 556,        3, 000
 557,        3, 000
 558,        6, 000
 559,        6, 000
 560,        2, 000
 561,        8, 000
 562,        8, 000
 563,        5, 000
 564,        8, 000
 565,        5, 000
 566,        7, 000
 567,        7, 000
 568,       10, 000
 569,        5, 000
 570,        5, 000
 571,        6, 000
 572,        3, 000
 573,        8, 000
 574,        4, 000
 575,        9, 000
 576,        9, 000
 577,        6, 000
 578,        8, 000
 579,        6, 000
 580,       13, 000
 581,        9, 000
 582,        8, 000
 583,        8, 000
 584,        9, 000
 585,        3, 000
 586,        8, 000
 587,        6, 000
 588,        8, 000
 589,       13, 000
 590,       10, 000
 591,        9, 000
 592,        7, 000
 593,        5, 000
 594,        8, 000
 595,        8, 000
 596,        6, 000
 597,        7, 000
 598,       13, 000
 599,        8, 000
 600,       13, 000
 601,       10, 000
 602,       12, 000
 603,       11, 000
 604,       13, 000
 605,       11, 000
 606,       14, 000
 607,       17, 000
 608,       17, 000
 609,       16, 000
 610,        9, 000
 611,       21, 000
 612,       11, 000
 613,       17, 000
 614,       21, 000
 615,       16, 000
 616,       16, 000
 617,       23, 000
 618,       19, 000
 619,       21, 000
 620,       21, 000
 621,       23, 000
 622,       24, 000
 623,       25, 000
 624,       19, 000
 625,       30, 000
 626,       31, 000
 627,       28, 000
 628,       27, 000
 629,       32, 000
 630,       50, 000
 631,       39, 000
 632,       36, 000
 633,       60, 000
 634,       70, 000
 635,       64, 000
 636,       58, 000
 637,       77, 000
 638,       89, 000
 639,      100, 000
 640,      121, 000
 641,      117, 000
 642,      100, 000
 643,      105, 000
 644,       86, 000
 645,       89, 000
 646,       90, 000
 647,       78, 000
 648,      101, 000
 649,       91, 000
 650,      129, 000
 651,      151, 000
 652,      177, 000
 653,      213, 000
 654,      217, 000
 655,      280, 000
 656,      384, 000
 657,      456, 000
 658,      524, 000
 659,      535, 000
 660,      664, 000
 661,      678, 000
 662,      643, 000
 663,      621, 000
 664,      570, 000
 665,      567, 000
 666,      574, 000
 667,      664, 000
 668,      728, 006
 669,      920, 006
 670,     1175, 006
 671,     1420, 006
 672,     1862, 006
 673,     2227, 006
 674,     2772, 006
 675,     3108, 006
 676,     3492, 006
 677,     3594, 006
 678,     3387, 006
 679,     3067, 006
 680,     2539, 006
 681,     2005, 006
 682,     1436, 006
 683,      883, 006
 684,      528, 006
 685,      346, 006
 686,      240, 006
 687,      172, 006
 688,      127, 006
 689,      121, 000
 690,      103, 000
 691,       94, 000
 692,       96, 000
 693,       87, 000
 694,       72, 000
 695,       66, 000
 696,       52, 000
 697,       59, 000
 698,       38, 000
 699,       54, 000
 700,       36, 000
 701,       31, 000
 702,       24, 000
 703,       14, 000
 704,        6, 000
 705,        6, 000
 706,        1, 000
 707,        2, 000
 708,        0, 000
 709,        0, 000
 710,        0, 000
 711,        0, 000
 712,        0, 000
 713,        0, 000
 714,        0, 000
 715,        0, 000
 716,        0, 000
 717,        0, 000
 718,        0, 000
 719,        0, 000
 720,        0, 000
 721,        0, 000
 722,        0, 000
 723,        0, 000
 724,        0, 000
 725,        0, 000
 726,        0, 000
 727,        0, 000
 728,        0, 000
 729,        0, 000
 730,        0, 000
 731,        0, 000
 732,        0, 000
 733,        0, 000
 734,        0, 000
 735,        0, 000
 736,        0, 000
 737,        0, 000
 738,        0, 000
 739,        0, 000
 740,        0, 000
 741,        0, 000
 742,        0, 000
 743,        0, 000
 744,        0, 000
 745,        0, 000
 746,        0, 000
 747,        0, 000
 748,        0, 000
 749,        0, 000
 750,        0, 000
 751,        0, 000
 752,        0, 000
 753,        0, 000
 754,        0, 000
 755,        0, 000
 756,        0, 007
 757,        0, 007
 758,        0, 007
 759,        0, 007
 760,        0, 007
 761,        0, 007
 762,        0, 007
 763,        0, 007
 764,        0, 007
 765,        0, 007
 766,        0, 007
 767,        0, 007
 768,        0, 007
 769,        0, 007
 770,        0, 007
 771,        0, 007
 772,        0, 007
 773,        0, 007
 774,        0, 007
 775,        0, 007
 776,        0, 007
 777,        0, 007
 778,        0, 007
 779,        0, 007
 780,        0, 007
 781,        0, 007
 782,        0, 007
 783,        0, 007
 784,        0, 007
 785,        0, 007
 786,        0, 007
 787,        0, 007
 788,        0, 007
 789,        0, 007
 790,        0, 007
 791,        0, 007
 792,        0, 007
 793,        0, 007
 794,        0, 007
 795,        0, 007
 796,        0, 007
 797,        0, 007
 798,        0, 007
 799,        0, 007
 800,        0, 007
 801,        0, 000
 802,        0, 000
 803,        0, 000
 804,        0, 000
 805,        0, 000
 806,        0, 000
 807,        0, 000
 808,        0, 000
 809,        0, 000
 810,        0, 000
 811,        0, 000
 812,        0, 000
 813,        0, 000
 814,        0, 000
 815,        0, 000
 816,        0, 000
 817,        0, 000
 818,        0, 000
 819,        0, 000
 820,        0, 000
 821,        0, 000
 822,        0, 000
 823,        0, 000
 824,        0, 000
 825,        0, 000
 826,        0, 000
 827,        0, 000
 828,        0, 000
 829,        0, 000
 830,        0, 000
 831,        0, 000
 832,        0, 000
 833,        0, 000
 834,        0, 000
 835,        0, 000
 836,        0, 000
 837,        0, 000
 838,        0, 000
 839,        0, 000
 840,        0, 000
 841,        0, 000
 842,        0, 000
 843,        0, 000
 844,        0, 000
 845,        0, 000
 846,        0, 000
 847,        0, 000
 848,        0, 000
 849,        0, 000
 850,        0, 000
 851,        0, 000
 852,        0, 000
 853,        0, 000
 854,        0, 000
 855,        0, 000
 856,        0, 000
 857,        0, 000
 858,        0, 000
 859,        0, 000
 860,        0, 000
 861,        0, 000
 862,        0, 000
 863,        0, 000
 864,        0, 000
 865,        0, 000
 866,        0, 000
 867,        0, 000
 868,        0, 000
 869,        0, 000
 870,        0, 000
 871,        0, 000
 872,        0, 000
 873,        0, 000
 874,        0, 000
 875,        0, 000
 876,        0, 000
 877,        0, 000
 878,        0, 000
 879,        0, 000
 880,        0, 000
 881,        0, 000
 882,        0, 000
 883,        0, 000
 884,        0, 000
 885,        0, 000
 886,        0, 000
 887,        0, 000
 888,        0, 000
 889,        0, 000
 890,        0, 000
 891,        0, 000
 892,        0, 000
 893,        0, 000
 894,        0, 000
 895,        0, 000
 896,        0, 000
 897,        0, 000
 898,        0, 000
 899,        0, 000
 900,        0, 000
 901,        0, 000
 902,        0, 000
 903,        0, 000
 904,        0, 000
 905,        0, 000
 906,        0, 000
 907,        0, 000
 908,        0, 000
 909,        0, 000
 910,        0, 000
 911,        0, 000
 912,        0, 000
 913,        0, 000
 914,        0, 000
 915,        0, 000
 916,        0, 000
 917,        0, 000
 918,        0, 000
 919,        0, 000
 920,        0, 000
 921,        0, 000
 922,        0, 000
 923,        0, 000
 924,        0, 000
 925,        0, 000
 926,        0, 000
 927,        0, 000
 928,        0, 000
 929,        0, 000
 930,        0, 000
 931,        0, 000
 932,        0, 000
 933,        0, 000
 934,        0, 000
 935,        0, 000
 936,        0, 000
 937,        0, 000
 938,        0, 000
 939,        0, 000
 940,        0, 000
 941,        0, 000
 942,        0, 000
 943,        0, 000
 944,        0, 000
 945,        0, 000
 946,        0, 000
 947,        0, 000
 948,        0, 000
 949,        0, 000
 950,        0, 000
 951,        0, 000
 952,        0, 000
 953,        0, 000
 954,        0, 000
 955,        0, 000
 956,        0, 000
 957,        0, 000
 958,        0, 000
 959,        0, 000
 960,        0, 000
 961,        0, 000
 962,        0, 000
 963,        0, 000
 964,        0, 000
 965,        0, 000
 966,        0, 000
 967,        0, 000
 968,        0, 000
 969,        0, 000
 970,        0, 000
 971,        0, 000
 972,        0, 000
 973,        0, 000
 974,        0, 000
 975,        0, 000
 976,        0, 000
 977,        0, 000
 978,        0, 000
 979,        0, 000
 980,        0, 000
 981,        0, 000
 982,        0, 000
 983,        0, 000
 984,        0, 000
 985,        0, 000
 986,        0, 000
 987,        0, 000
 988,        0, 000
 989,        0, 000
 990,        0, 000
 991,        0, 000
 992,        0, 000
 993,        0, 008
 994,        0, 008
 995,        0, 008
 996,        0, 008
 997,        0, 008
 998,        0, 008
 999,        0, 008
1000,        0, 008
1001,        0, 008
1002,        0, 008
1003,        0, 008
1004,        0, 008
1005,        0, 008
1006,        0, 008
1007,        0, 008
1008,        0, 008
1009,        0, 008
1010,        0, 008
1011,        0, 008
1012,        0, 008
1013,        0, 008
1014,        0, 008
1015,        0, 008
1016,        0, 008
1017,        0, 008
1018,        0, 008
1019,        0, 008
1020,        0, 008
1021,        0, 008
1022,        0, 008
1023,        0, 008
