0 0
1 0
2 0
3 0
4 0
5 0
6 0
7 0
8 0
9 0
10 0
11 0
12 0
13 22
14 65
15 63
16 64
17 50
18 55
19 73
20 51
21 56
22 50
23 75
24 53
25 101
26 116
27 113
28 137
29 153
30 142
31 87
32 81
33 46
34 73
35 77
36 69
37 73
38 92
39 90
40 77
41 75
42 40
43 50
44 57
45 110
46 80
47 76
48 92
49 58
50 75
51 73
52 74
53 71
54 63
55 60
56 91
57 69
58 120
59 126
60 105
61 94
62 114
63 121
64 123
65 58
66 72
67 75
68 125
69 101
70 92
71 101
72 76
73 85
74 95
75 52
76 81
77 85
78 74
79 81
80 49
81 88
82 77
83 62
84 94
85 80
86 59
87 82
88 110
89 91
90 115
91 95
92 49
93 101
94 75
95 92
96 116
97 100
98 94
99 125
100 104
101 99
102 110
103 85
104 97
105 75
106 140
107 117
108 112
109 126
110 104
111 107
112 109
113 110
114 136
115 116
116 104
117 131
118 126
119 147
120 112
121 171
122 136
123 112
124 105
125 161
126 158
127 125
128 130
129 142
130 171
131 149
132 218
133 201
134 203
135 228
136 245
137 209
138 234
139 218
140 198
141 200
142 194
143 209
144 149
145 186
146 173
147 191
148 150
149 149
150 166
151 150
152 152
153 181
154 163
155 183
156 176
157 134
158 150
159 150
160 148
161 143
162 130
163 129
164 143
165 137
166 136
167 134
168 124
169 125
170 132
171 100
172 145
173 104
174 91
175 133
176 124
177 115
178 109
179 107
180 108
181 111
182 101
183 100
184 99
185 102
186 125
187 80
188 134
189 91
190 99
191 100
192 90
193 75
194 95
195 96
196 80
197 71
198 70
199 69
200 82
201 90
202 82
203 79
204 74
205 84
206 79
207 89
208 103
209 70
210 97
211 83
212 74
213 66
214 84
215 66
216 81
217 86
218 68
219 67
220 75
221 77
222 70
223 57
224 79
225 70
226 62
227 69
228 70
229 82
230 63
231 91
232 54
233 46
234 56
235 62
236 73
237 80
238 73
239 72
240 70
241 60
242 84
243 63
244 68
245 70
246 70
247 56
248 70
249 52
250 69
251 74
252 57
253 55
254 63
255 79
256 68
257 69
258 61
259 52
260 65
261 70
262 75
263 53
264 61
265 79
266 52
267 78
268 54
269 64
270 65
271 78
272 62
273 65
274 59
275 79
276 74
277 57
278 80
279 72
280 64
281 77
282 74
283 78
284 80
285 72
286 75
287 60
288 71
289 67
290 52
291 52
292 81
293 83
294 70
295 81
296 44
297 53
298 54
299 59
300 63
301 62
302 67
303 38
304 38
305 54
306 38
307 40
308 25
309 35
310 45
311 42
312 20
313 33
314 41
315 30
316 29
317 36
318 23
319 49
320 30
321 41
322 35
323 15
324 23
325 40
326 31
327 33
328 31
329 40
330 20
331 34
332 42
333 28
334 29
335 23
336 22
337 30
338 33
339 36
340 28
341 42
342 36
343 18
344 25
345 32
346 29
347 25
348 29
349 30
350 21
351 29
352 39
353 28
354 38
355 24
356 21
357 25
358 36
359 37
360 29
361 22
362 24
363 23
364 40
365 22
366 40
367 25
368 25
369 35
370 23
371 24
372 15
373 32
374 23
375 29
376 28
377 21
378 29
379 31
380 19
381 27
382 24
383 25
384 27
385 32
386 35
387 36
388 33
389 34
390 44
391 42
392 60
393 57
394 47
395 74
396 70
397 86
398 106
399 81
400 115
401 118
402 134
403 171
404 153
405 188
406 177
407 223
408 239
409 269
410 298
411 290
412 305
413 376
414 311
415 371
416 341
417 381
418 350
419 372
420 293
421 347
422 300
423 319
424 289
425 267
426 235
427 215
428 221
429 192
430 142
431 127
432 113
433 133
434 90
435 58
436 67
437 43
438 41
439 40
440 26
441 37
442 7
443 8
444 14
445 2
446 7
447 4
448 3
449 3
450 5
451 9
452 -2
453 -3
454 -2
455 2
456 -4
457 6
458 1
459 -1
460 1
461 -3
462 1
463 4
464 2
465 -6
466 2
467 3
468 -1
469 0
470 -3
471 -3
472 4
473 2
474 2
475 -3
476 -2
477 -4
478 -1
479 5
480 0
481 1
482 -2
483 2
484 -2
485 -3
486 -4
487 -5
488 -2
489 -5
490 2
491 -7
492 1
493 2
494 -3
495 5
496 0
497 -3
498 2
499 7
500 2
501 2
502 0
503 3
504 -2
505 3
506 0
507 -5
508 3
509 0
510 0
511 6
512 1
513 3
514 1
515 0
516 -2
517 2
518 0
519 2
520 4
521 -2
522 0
523 0
524 7
525 4
526 0
527 -3
528 3
529 1
530 -1
531 -1
532 0
533 4
534 -1
535 -4
536 3
537 0
538 -2
539 1
540 -1
541 -1
542 0
543 -1
544 -2
545 1
546 -1
547 1
548 2
549 3
550 -6
551 0
552 -2
553 0
554 0
555 3
556 2
557 2
558 2
559 -1
560 2
561 -1
562 -1
563 0
564 1
565 0
566 4
567 2
568 -4
569 1
570 2
571 0
572 -2
573 -1
574 -5
575 2
576 5
577 3
578 0
579 -2
580 -7
581 -4
582 3
583 1
584 3
585 -1
586 2
587 -3
588 -4
589 -1
590 3
591 -2
592 -6
593 0
594 -2
595 1
596 0
597 2
598 -2
599 -1
600 1
601 2
602 1
603 -7
604 2
605 0
606 3
607 1
608 1
609 1
610 -2
611 0
612 -3
613 -2
614 2
615 -2
616 1
617 0
618 0
619 0
620 0
621 -2
622 -4
623 -3
624 -1
625 2
626 2
627 3
628 0
629 2
630 -5
631 -1
632 -2
633 0
634 -1
635 -1
636 1
637 -3
638 -2
639 2
640 1
641 -1
642 -1
643 2
644 0
645 -3
646 0
647 0
648 0
649 -3
650 -3
651 -4
652 2
653 2
654 0
655 0
656 0
657 2
658 0
659 -4
660 -1
661 -4
662 3
663 1
664 0
665 2
666 -1
667 1
668 -1
669 2
670 -2
671 -1
672 1
673 0
674 1
675 -3
676 0
677 0
678 0
679 2
680 -4
681 -2
682 0
683 0
684 2
685 0
686 6
687 -3
688 1
689 0
690 -1
691 3
692 -2
693 1
694 3
695 0
696 1
697 4
698 0
699 0
700 5
701 4
702 3
703 3
704 3
705 0
706 -5
707 2
708 0
709 1
710 0
711 2
712 -3
713 2
714 1
715 -2
716 0
717 1
718 0
719 -2
720 0
721 1
722 1
723 -1
724 3
725 -2
726 -2
727 1
728 0
729 -5
730 1
731 -1
732 1
733 2
734 1
735 0
736 0
737 -2
738 -3
739 0
740 1
741 0
742 4
743 4
744 0
745 -3
746 -2
747 5
748 1
749 2
750 1
751 -1
752 -1
753 0
754 0
755 -2
756 0
757 -2
758 2
759 2
760 0
761 -1
762 -3
763 0
764 1
765 0
766 1
767 0
768 -2
769 0
770 -2
771 -2
772 -1
773 -1
774 -2
775 -1
776 -4
777 1
778 -2
779 -1
780 -2
781 -2
782 -1
783 -2
784 -1
785 1
786 2
787 -1
788 3
789 2
790 1
791 -1
792 1
793 1
794 -1
795 0
796 1
797 0
798 0
799 1
800 -1
801 0
802 -4
803 -1
804 2
805 0
806 -1
807 0
808 0
809 1
810 -1
811 -1
812 0
813 1
814 1
815 -1
816 0
817 -1
818 0
819 2
820 0
821 1
822 0
823 0
824 -1
825 1
826 1
827 0
828 1
829 -1
830 0
831 0
832 1
833 -2
834 -1
835 3
836 -2
837 0
838 2
839 -2
840 1
841 1
842 1
843 1
844 2
845 -1
846 0
847 -2
848 1
849 3
850 -2
851 -2
852 -3
853 2
854 0
855 -3
856 -4
857 1
858 0
859 2
860 -1
861 1
862 1
863 1
864 4
865 1
866 0
867 3
868 3
869 -3
870 1
871 -5
872 1
873 1
874 -2
875 -2
876 0
877 1
878 -1
879 0
880 -4
881 -3
882 3
883 -1
884 3
885 0
886 -3
887 -2
888 2
889 -5
890 2
891 0
892 -4
893 0
894 -2
895 3
896 1
897 -1
898 1
899 2
900 -2
901 0
902 3
903 -1
904 0
905 0
906 3
907 2
908 2
909 -1
910 1
911 -2
912 0
913 0
914 0
915 1
916 -1
917 -1
918 0
919 -1
920 0
921 1
922 -2
923 1
924 0
925 0
926 0
927 1
928 0
929 0
930 0
931 1
932 0
933 1
934 -2
935 0
936 0
937 -1
938 1
939 -1
940 1
941 0
942 3
943 0
944 0
945 -1
946 1
947 1
948 0
949 0
950 0
951 1
952 0
953 0
954 0
955 0
956 1
957 0
958 0
959 0
960 0
961 0
962 1
963 1
964 4
965 -1
966 0
967 -1
968 1
969 -1
970 0
971 -1
972 0
973 -1
974 1
975 1
976 0
977 0
978 1
979 -1
980 -1
981 0
982 -3
983 1
984 -1
985 0
986 -1
987 0
988 2
989 -2
990 -4
991 -1
992 -2
993 0
994 1
995 0
996 -1
997 1
998 -4
999 -1
1000 -3
1001 -2
1002 0
1003 1
1004 0
1005 -1
1006 2
1007 2
1008 4
1009 1
1010 0
1011 0
1012 -3
1013 0
1014 -6
1015 1
1016 0
1017 6
1018 2
1019 0
1020 -1
1021 -6
1022 1
1023 1
