0 0
1 0
2 0
3 0
4 0
5 0
6 0
7 0
8 0
9 0
10 0
11 0
12 0
13 120
14 191
15 204
16 213
17 195
18 211
19 252
20 262
21 278
22 406
23 632
24 1212
25 2193
26 4437
27 9561
28 18642
29 24818
30 19605
31 10792
32 6051
33 3597
34 1716
35 702
36 363
37 282
38 328
39 338
40 442
41 451
42 596
43 715
44 806
45 883
46 882
47 847
48 721
49 560
50 570
51 724
52 755
53 987
54 1001
55 1087
56 969
57 972
58 878
59 852
60 853
61 977
62 1411
63 2119
64 3155
65 4440
66 5485
67 5416
68 4353
69 2833
70 1609
71 774
72 403
73 239
74 204
75 177
76 195
77 181
78 212
79 217
80 194
81 233
82 235
83 159
84 222
85 224
86 254
87 287
88 206
89 282
90 282
91 281
92 240
93 226
94 284
95 282
96 242
97 306
98 258
99 270
100 263
101 300
102 351
103 332
104 326
105 310
106 360
107 295
108 356
109 391
110 394
111 436
112 422
113 395
114 476
115 440
116 500
117 444
118 510
119 512
120 476
121 464
122 431
123 455
124 393
125 447
126 433
127 440
128 348
129 359
130 372
131 372
132 363
133 339
134 299
135 383
136 346
137 346
138 294
139 252
140 295
141 341
142 257
143 251
144 265
145 253
146 238
147 253
148 195
149 162
150 182
151 146
152 148
153 175
154 203
155 161
156 161
157 136
158 134
159 174
160 174
161 146
162 136
163 126
164 122
165 89
166 82
167 93
168 95
169 104
170 81
171 70
172 84
173 51
174 74
175 65
176 63
177 47
178 57
179 65
180 54
181 68
182 52
183 69
184 57
185 60
186 77
187 86
188 128
189 162
190 163
191 194
192 194
193 245
194 257
195 252
196 227
197 269
198 347
199 284
200 300
201 329
202 326
203 336
204 345
205 362
206 417
207 395
208 411
209 445
210 466
211 521
212 559
213 571
214 579
215 596
216 525
217 556
218 534
219 487
220 516
221 450
222 397
223 371
224 362
225 236
226 228
227 192
228 191
229 127
230 138
231 129
232 125
233 162
234 145
235 208
236 213
237 274
238 382
239 452
240 553
241 620
242 757
243 833
244 946
245 1019
246 1110
247 1172
248 1278
249 1338
250 1443
251 1331
252 1476
253 1460
254 1360
255 1264
256 1200
257 1199
258 1159
259 1012
260 921
261 819
262 739
263 605
264 547
265 493
266 460
267 382
268 310
269 311
270 279
271 246
272 208
273 207
274 199
275 157
276 152
277 125
278 132
279 127
280 92
281 91
282 92
283 61
284 44
285 46
286 27
287 28
288 18
289 18
290 21
291 4
292 10
293 10
294 -5
295 -1
296 9
297 6
298 6
299 4
300 -3
301 6
302 12
303 14
304 -6
305 -7
306 12
307 -3
308 6
309 2
310 16
311 -3
312 15
313 15
314 2
315 16
316 11
317 2
318 10
319 -10
320 -10
321 0
322 -2
323 7
324 -1
325 7
326 -7
327 -11
328 1
329 7
330 -8
331 0
332 1
333 -3
334 2
335 11
336 3
337 -2
338 -6
339 1
340 -6
341 5
342 8
343 3
344 11
345 1
346 4
347 -5
348 -4
349 -2
350 -3
351 -8
352 -4
353 -4
354 3
355 -9
356 -2
357 2
358 2
359 -7
360 -2
361 -1
362 2
363 6
364 -6
365 5
366 7
367 -2
368 -8
369 -7
370 2
371 -10
372 2
373 -1
374 0
375 4
376 2
377 11
378 5
379 3
380 -6
381 2
382 6
383 -6
384 5
385 -3
386 4
387 1
388 2
389 8
390 2
391 -1
392 -3
393 2
394 -5
395 9
396 0
397 -1
398 17
399 3
400 -4
401 -3
402 -2
403 -7
404 3
405 3
406 10
407 -7
408 6
409 -7
410 -8
411 -7
412 -9
413 -2
414 -6
415 3
416 2
417 7
418 -18
419 -10
420 7
421 -2
422 5
423 7
424 -8
425 10
426 6
427 5
428 -7
429 5
430 -7
431 5
432 -11
433 1
434 0
435 -2
436 2
437 0
438 1
439 -6
440 -3
441 4
442 -2
443 -2
444 -1
445 -3
446 -7
447 2
448 -2
449 2
450 -7
451 -4
452 2
453 -2
454 3
455 -3
456 9
457 3
458 -4
459 -5
460 3
461 5
462 4
463 -1
464 -4
465 1
466 -3
467 -7
468 5
469 0
470 0
471 0
472 0
473 -3
474 -4
475 -6
476 2
477 3
478 2
479 3
480 -2
481 4
482 -3
483 5
484 -1
485 1
486 13
487 4
488 -1
489 2
490 5
491 3
492 6
493 5
494 -1
495 4
496 3
497 -6
498 -4
499 4
500 -5
501 -5
502 5
503 3
504 0
505 2
506 4
507 2
508 -1
509 2
510 3
511 -2
512 -2
513 -1
514 3
515 -3
516 -2
517 0
518 -4
519 -2
520 -4
521 -4
522 -5
523 -3
524 10
525 11
526 0
527 2
528 -1
529 -6
530 -2
531 4
532 -1
533 -8
534 -7
535 0
536 4
537 5
538 -4
539 5
540 1
541 -4
542 4
543 2
544 0
545 2
546 6
547 2
548 1
549 3
550 4
551 2
552 -3
553 -5
554 0
555 2
556 9
557 -2
558 -3
559 -1
560 -4
561 0
562 -2
563 0
564 -3
565 1
566 4
567 1
568 2
569 -3
570 -3
571 -1
572 -2
573 2
574 3
575 -1
576 8
577 -4
578 0
579 1
580 0
581 -1
582 -3
583 -1
584 -2
585 0
586 -3
587 0
588 2
589 -2
590 -9
591 -3
592 0
593 -4
594 3
595 -4
596 -2
597 1
598 5
599 0
600 5
601 -1
602 9
603 4
604 3
605 6
606 -3
607 -1
608 -6
609 2
610 0
611 1
612 -3
613 -1
614 -5
615 -3
616 -4
617 1
618 -3
619 1
620 -3
621 1
622 2
623 0
624 3
625 6
626 7
627 10
628 -4
629 -1
630 1
631 3
632 5
633 5
634 -2
635 11
636 0
637 2
638 -4
639 -3
640 5
641 0
642 3
643 -1
644 -14
645 -4
646 -7
647 -3
648 1
649 -1
650 0
651 4
652 4
653 -2
654 -2
655 -1
656 2
657 1
658 2
659 -9
660 7
661 -1
662 0
663 2
664 -3
665 1
666 -4
667 -3
668 0
669 0
670 1
671 5
672 -2
673 0
674 4
675 2
676 2
677 3
678 -2
679 -4
680 0
681 2
682 0
683 3
684 5
685 2
686 2
687 0
688 1
689 -1
690 0
691 1
692 -6
693 -4
694 -3
695 0
696 -2
697 3
698 3
699 1
700 -3
701 -1
702 0
703 0
704 1
705 0
706 -2
707 2
708 2
709 -8
710 -4
711 -3
712 -3
713 -2
714 4
715 -1
716 -2
717 2
718 -3
719 -3
720 -2
721 -4
722 3
723 2
724 -4
725 -4
726 -4
727 3
728 2
729 3
730 -1
731 -8
732 -4
733 3
734 6
735 -2
736 4
737 3
738 -3
739 0
740 -5
741 1
742 0
743 -2
744 -7
745 1
746 -8
747 1
748 3
749 1
750 -7
751 0
752 6
753 3
754 2
755 -3
756 -1
757 3
758 0
759 7
760 2
761 -6
762 -2
763 -5
764 -2
765 0
766 -1
767 7
768 -3
769 -4
770 -4
771 -7
772 -1
773 -1
774 4
775 -3
776 0
777 -4
778 0
779 -3
780 1
781 10
782 5
783 1
784 -1
785 -10
786 -1
787 -4
788 2
789 1
790 5
791 0
792 1
793 -9
794 0
795 -4
796 -5
797 1
798 -7
799 -2
800 -1
801 5
802 -2
803 0
804 -6
805 6
806 5
807 0
808 -1
809 2
810 0
811 0
812 0
813 2
814 9
815 3
816 2
817 1
818 -5
819 -1
820 -3
821 0
822 -5
823 -2
824 -3
825 -6
826 4
827 1
828 0
829 4
830 1
831 4
832 -1
833 -3
834 1
835 0
836 3
837 -1
838 2
839 -2
840 4
841 -3
842 -3
843 3
844 -3
845 -2
846 -2
847 5
848 1
849 2
850 2
851 0
852 4
853 -1
854 -4
855 -2
856 3
857 1
858 2
859 -4
860 -2
861 0
862 -2
863 1
864 3
865 2
866 -1
867 -5
868 -4
869 -3
870 0
871 0
872 2
873 0
874 0
875 0
876 -2
877 4
878 0
879 2
880 -1
881 0
882 -2
883 1
884 -2
885 4
886 -4
887 1
888 2
889 -2
890 -1
891 -2
892 1
893 -1
894 0
895 -3
896 0
897 -2
898 0
899 -2
900 2
901 -2
902 1
903 2
904 0
905 -1
906 0
907 -4
908 0
909 -1
910 -1
911 3
912 -2
913 1
914 2
915 0
916 0
917 0
918 -3
919 -1
920 -4
921 -2
922 -1
923 4
924 -2
925 -4
926 2
927 0
928 -1
929 1
930 -2
931 1
932 -4
933 2
934 2
935 -1
936 0
937 -2
938 2
939 2
940 -1
941 1
942 2
943 3
944 -3
945 -4
946 0
947 0
948 3
949 5
950 2
951 3
952 2
953 3
954 0
955 1
956 -2
957 2
958 1
959 5
960 -5
961 1
962 -3
963 0
964 2
965 -1
966 3
967 2
968 -2
969 8
970 5
971 -1
972 0
973 1
974 -3
975 1
976 -3
977 4
978 6
979 10
980 -13
981 5
982 -3
983 5
984 -6
985 1
986 2
987 -5
988 3
989 1
990 0
991 6
992 1
993 -4
994 5
995 4
996 0
997 3
998 -2
999 -1
1000 2
1001 -9
1002 -3
1003 -6
1004 0
1005 0
1006 0
1007 -3
1008 -1
1009 -1
1010 -1
1011 1
1012 -1
1013 2
1014 -2
1015 -2
1016 0
1017 0
1018 1
1019 0
1020 -1
1021 2
1022 0
1023 0
