0 0
1 0
2 0
3 0
4 0
5 0
6 0
7 0
8 0
9 0
10 0
11 0
12 0
13 599
14 1173
15 1318
16 1198
17 1288
18 1370
19 1362
20 1576
21 1993
22 2577
23 4114
24 7283
25 12411
26 23247
27 53381
28 113048
29 157138
30 128170
31 70079
32 39415
33 23986
34 11772
35 4382
36 2084
37 1601
38 1693
39 1864
40 2175
41 2814
42 3523
43 4241
44 5085
45 5472
46 5421
47 4800
48 3843
49 3376
50 3278
51 3857
52 4809
53 5701
54 5975
55 5415
56 4848
57 4132
58 3812
59 3582
60 4067
61 5808
62 8364
63 13377
64 20972
65 29604
66 36838
67 37987
68 31458
69 21076
70 11483
71 5576
72 2619
73 1510
74 1087
75 1041
76 1040
77 1131
78 1175
79 1133
80 1172
81 1133
82 1137
83 1195
84 1245
85 1334
86 1410
87 1616
88 1961
89 2194
90 2427
91 2386
92 2224
93 1938
94 1684
95 1495
96 1303
97 1185
98 1197
99 1156
100 1138
101 1149
102 1276
103 1217
104 1291
105 1327
106 1419
107 1466
108 1542
109 1638
110 1748
111 1720
112 1870
113 1769
114 1963
115 1923
116 2019
117 2006
118 2064
119 2185
120 2098
121 2007
122 1989
123 1887
124 1776
125 1698
126 1690
127 1523
128 1437
129 1439
130 1472
131 1378
132 1371
133 1323
134 1323
135 1406
136 1276
137 1282
138 1266
139 1284
140 1117
141 1209
142 1181
143 1157
144 1001
145 1070
146 954
147 911
148 902
149 832
150 794
151 751
152 772
153 710
154 684
155 702
156 675
157 631
158 645
159 640
160 684
161 664
162 546
163 536
164 673
165 535
166 510
167 431
168 492
169 484
170 420
171 439
172 371
173 341
174 350
175 393
176 315
177 346
178 294
179 368
180 276
181 320
182 362
183 346
184 412
185 415
186 486
187 530
188 701
189 726
190 934
191 1118
192 1204
193 1351
194 1464
195 1521
196 1607
197 1617
198 1664
199 1633
200 1739
201 1760
202 1769
203 1764
204 1853
205 1920
206 2151
207 2108
208 2312
209 2501
210 2601
211 2840
212 2908
213 3082
214 3215
215 3292
216 3284
217 3210
218 3170
219 3093
220 2804
221 2636
222 2478
223 2261
224 2026
225 1711
226 1503
227 1304
228 1194
229 976
230 901
231 825
232 845
233 928
234 970
235 1126
236 1481
237 1763
238 2145
239 2595
240 3102
241 3591
242 4210
243 4669
244 5196
245 5956
246 6151
247 6667
248 7187
249 7386
250 7636
251 7936
252 7868
253 7804
254 7728
255 7451
256 7187
257 6701
258 6453
259 5972
260 5352
261 4933
262 4283
263 3892
264 3455
265 3045
266 2684
267 2554
268 2290
269 2157
270 1980
271 1809
272 1810
273 1724
274 1615
275 1569
276 1533
277 1369
278 1239
279 1156
280 1082
281 979
282 929
283 823
284 697
285 630
286 556
287 470
288 392
289 330
290 299
291 257
292 213
293 199
294 182
295 149
296 169
297 158
298 149
299 145
300 141
301 161
302 202
303 190
304 212
305 205
306 183
307 204
308 218
309 212
310 205
311 229
312 229
313 213
314 239
315 229
316 199
317 206
318 182
319 192
320 146
321 152
322 124
323 105
324 85
325 96
326 72
327 58
328 47
329 44
330 52
331 37
332 31
333 16
334 15
335 5
336 9
337 20
338 15
339 14
340 18
341 21
342 16
343 10
344 9
345 9
346 1
347 5
348 9
349 2
350 7
351 -1
352 1
353 10
354 -1
355 4
356 -1
357 14
358 7
359 -1
360 -1
361 10
362 13
363 8
364 0
365 6
366 9
367 -1
368 3
369 -6
370 10
371 -6
372 9
373 2
374 9
375 7
376 -6
377 9
378 -11
379 5
380 -1
381 5
382 3
383 3
384 -2
385 -4
386 6
387 -1
388 -1
389 6
390 4
391 4
392 -3
393 4
394 -3
395 11
396 0
397 6
398 16
399 -1
400 -12
401 5
402 0
403 0
404 6
405 3
406 4
407 -6
408 0
409 0
410 -6
411 -4
412 7
413 7
414 1
415 6
416 4
417 -2
418 -7
419 -8
420 8
421 6
422 3
423 10
424 6
425 3
426 -6
427 10
428 2
429 7
430 1
431 0
432 1
433 7
434 -4
435 -3
436 0
437 -2
438 1
439 -1
440 -6
441 0
442 -3
443 5
444 3
445 0
446 0
447 3
448 8
449 3
450 -5
451 4
452 -1
453 -4
454 7
455 -2
456 1
457 5
458 -1
459 -4
460 -3
461 2
462 1
463 1
464 -1
465 2
466 2
467 -12
468 0
469 1
470 2
471 4
472 -1
473 -6
474 -2
475 0
476 2
477 -1
478 -5
479 1
480 -2
481 8
482 3
483 4
484 -5
485 3
486 4
487 5
488 2
489 4
490 2
491 11
492 1
493 4
494 1
495 2
496 8
497 1
498 -1
499 0
500 -3
501 0
502 7
503 1
504 -4
505 3
506 3
507 -2
508 -3
509 4
510 6
511 -2
512 4
513 1
514 0
515 3
516 2
517 4
518 2
519 -3
520 -3
521 -3
522 3
523 -4
524 -3
525 7
526 -1
527 -2
528 0
529 -1
530 -4
531 6
532 -3
533 -7
534 -4
535 1
536 5
537 4
538 -1
539 0
540 4
541 -7
542 7
543 2
544 -2
545 -4
546 2
547 2
548 6
549 0
550 5
551 0
552 5
553 -7
554 -3
555 0
556 0
557 3
558 0
559 3
560 -6
561 1
562 2
563 2
564 7
565 0
566 1
567 3
568 0
569 -1
570 0
571 2
572 -3
573 0
574 -1
575 -1
576 3
577 -6
578 -2
579 2
580 -1
581 -1
582 3
583 2
584 -5
585 3
586 -3
587 -4
588 0
589 2
590 -10
591 2
592 -4
593 -1
594 -1
595 1
596 0
597 0
598 7
599 2
600 12
601 -2
602 2
603 2
604 0
605 4
606 -1
607 4
608 -4
609 4
610 2
611 1
612 -5
613 3
614 -4
615 1
616 -6
617 1
618 -7
619 6
620 1
621 0
622 2
623 -4
624 5
625 9
626 3
627 10
628 -2
629 2
630 -3
631 -1
632 -6
633 -1
634 1
635 1
636 0
637 4
638 -1
639 0
640 4
641 1
642 1
643 -5
644 -13
645 -7
646 -8
647 1
648 6
649 0
650 -1
651 -4
652 4
653 0
654 -1
655 4
656 11
657 -2
658 1
659 -8
660 4
661 0
662 -2
663 1
664 -2
665 -3
666 -7
667 -3
668 0
669 4
670 2
671 5
672 6
673 4
674 1
675 3
676 7
677 3
678 2
679 -3
680 1
681 3
682 -2
683 3
684 0
685 -2
686 4
687 3
688 0
689 2
690 0
691 6
692 -4
693 -3
694 0
695 -2
696 -2
697 3
698 3
699 1
700 -4
701 1
702 -4
703 3
704 4
705 6
706 1
707 1
708 4
709 -7
710 -4
711 0
712 0
713 -4
714 1
715 0
716 2
717 2
718 3
719 -2
720 -3
721 -3
722 1
723 -1
724 -3
725 -2
726 -6
727 4
728 0
729 5
730 2
731 -6
732 -2
733 5
734 -1
735 -6
736 -4
737 0
738 -4
739 -5
740 -1
741 -4
742 -5
743 1
744 -8
745 4
746 -2
747 -1
748 -1
749 1
750 -4
751 -4
752 4
753 -1
754 1
755 -2
756 -1
757 0
758 -2
759 5
760 -4
761 2
762 -2
763 1
764 -3
765 2
766 5
767 4
768 0
769 -4
770 1
771 -2
772 7
773 4
774 4
775 -2
776 3
777 -2
778 4
779 0
780 6
781 5
782 -4
783 -1
784 -4
785 -4
786 1
787 1
788 4
789 -4
790 3
791 1
792 2
793 -4
794 -3
795 -3
796 2
797 1
798 1
799 -1
800 -4
801 8
802 -4
803 4
804 -3
805 3
806 0
807 -3
808 0
809 3
810 0
811 -2
812 0
813 -4
814 6
815 1
816 3
817 2
818 1
819 -1
820 -1
821 -3
822 -1
823 2
824 3
825 -7
826 2
827 4
828 0
829 3
830 1
831 -3
832 -4
833 -1
834 2
835 -5
836 -2
837 0
838 -1
839 0
840 1
841 0
842 1
843 4
844 -2
845 -1
846 1
847 2
848 -1
849 -2
850 2
851 3
852 0
853 -2
854 -1
855 -2
856 -1
857 0
858 2
859 0
860 -4
861 5
862 -3
863 1
864 0
865 -5
866 -2
867 -3
868 2
869 -3
870 3
871 2
872 1
873 2
874 -1
875 0
876 -2
877 1
878 -2
879 1
880 0
881 -2
882 3
883 -2
884 -4
885 -2
886 -4
887 2
888 3
889 1
890 1
891 -2
892 3
893 -1
894 -2
895 -4
896 1
897 0
898 1
899 -2
900 2
901 -1
902 2
903 0
904 -3
905 1
906 0
907 -5
908 0
909 -1
910 1
911 2
912 -1
913 0
914 1
915 2
916 0
917 1
918 -2
919 -2
920 -4
921 -2
922 -2
923 0
924 4
925 -4
926 0
927 2
928 1
929 1
930 -1
931 0
932 -4
933 4
934 -1
935 0
936 1
937 0
938 1
939 -1
940 -3
941 0
942 2
943 1
944 -2
945 -3
946 1
947 -1
948 -4
949 6
950 3
951 6
952 4
953 1
954 2
955 -1
956 -3
957 1
958 -2
959 -1
960 -8
961 2
962 -1
963 -4
964 -2
965 -3
966 -3
967 1
968 7
969 4
970 3
971 0
972 -1
973 -5
974 -1
975 -5
976 -4
977 3
978 2
979 1
980 -9
981 5
982 -2
983 3
984 -2
985 -4
986 3
987 -7
988 -2
989 -3
990 0
991 7
992 -3
993 -3
994 2
995 6
996 3
997 7
998 -2
999 0
1000 -1
1001 -4
1002 -2
1003 -6
1004 -3
1005 -1
1006 0
1007 -3
1008 3
1009 3
1010 3
1011 0
1012 2
1013 3
1014 3
1015 3
1016 -2
1017 -2
1018 0
1019 -1
1020 -1
1021 0
1022 0
1023 -2
