0 0
1 0
2 0
3 0
4 0
5 0
6 0
7 0
8 0
9 0
10 0
11 0
12 0
13 17
14 35
15 41
16 28
17 46
18 33
19 34
20 47
21 45
22 39
23 66
24 75
25 94
26 161
27 198
28 332
29 559
30 740
31 598
32 352
33 201
34 160
35 109
36 70
37 50
38 42
39 56
40 40
41 76
42 70
43 49
44 65
45 59
46 45
47 52
48 65
49 38
50 22
51 56
52 33
53 39
54 52
55 73
56 49
57 49
58 68
59 55
60 71
61 30
62 82
63 61
64 61
65 88
66 43
67 53
68 59
69 40
70 45
71 49
72 57
73 28
74 48
75 85
76 54
77 46
78 42
79 57
80 38
81 38
82 65
83 55
84 47
85 43
86 61
87 77
88 48
89 45
90 16
91 80
92 62
93 94
94 70
95 67
96 77
97 63
98 66
99 62
100 50
101 34
102 78
103 53
104 41
105 77
106 50
107 44
108 48
109 79
110 77
111 15
112 60
113 55
114 60
115 70
116 74
117 56
118 54
119 60
120 56
121 29
122 81
123 38
124 56
125 49
126 75
127 56
128 56
129 84
130 91
131 50
132 80
133 85
134 97
135 87
136 82
137 110
138 73
139 73
140 113
141 107
142 108
143 118
144 107
145 88
146 116
147 104
148 85
149 89
150 122
151 122
152 94
153 99
154 119
155 134
156 107
157 93
158 82
159 100
160 82
161 106
162 94
163 85
164 103
165 65
166 100
167 78
168 90
169 82
170 68
171 74
172 74
173 67
174 52
175 58
176 81
177 60
178 95
179 60
180 87
181 85
182 70
183 69
184 41
185 49
186 55
187 86
188 63
189 53
190 60
191 74
192 40
193 53
194 54
195 66
196 66
197 73
198 74
199 47
200 58
201 65
202 42
203 70
204 43
205 45
206 62
207 61
208 46
209 55
210 58
211 54
212 42
213 46
214 62
215 39
216 41
217 54
218 43
219 46
220 52
221 51
222 49
223 49
224 45
225 46
226 34
227 40
228 44
229 54
230 52
231 33
232 48
233 38
234 31
235 39
236 37
237 49
238 37
239 39
240 32
241 45
242 43
243 44
244 37
245 33
246 41
247 24
248 33
249 49
250 60
251 48
252 64
253 46
254 43
255 61
256 44
257 62
258 50
259 56
260 46
261 50
262 45
263 36
264 42
265 32
266 60
267 36
268 51
269 57
270 59
271 38
272 38
273 48
274 38
275 45
276 47
277 65
278 46
279 42
280 37
281 60
282 36
283 49
284 35
285 42
286 47
287 38
288 59
289 36
290 47
291 45
292 51
293 45
294 44
295 42
296 36
297 41
298 49
299 41
300 50
301 43
302 39
303 30
304 55
305 57
306 56
307 48
308 42
309 56
310 49
311 46
312 56
313 66
314 44
315 56
316 49
317 53
318 41
319 37
320 42
321 31
322 31
323 42
324 28
325 28
326 34
327 39
328 25
329 18
330 23
331 26
332 20
333 19
334 13
335 13
336 16
337 3
338 22
339 10
340 21
341 25
342 11
343 20
344 14
345 10
346 15
347 7
348 4
349 3
350 16
351 9
352 12
353 11
354 2
355 9
356 17
357 14
358 0
359 14
360 13
361 8
362 9
363 8
364 7
365 14
366 5
367 9
368 7
369 5
370 10
371 5
372 4
373 3
374 4
375 7
376 5
377 -3
378 0
379 3
380 2
381 5
382 5
383 8
384 1
385 0
386 7
387 4
388 9
389 6
390 0
391 2
392 4
393 4
394 2
395 6
396 3
397 11
398 -3
399 3
400 2
401 1
402 2
403 11
404 -4
405 -5
406 5
407 2
408 -4
409 5
410 -1
411 -2
412 -3
413 -3
414 0
415 4
416 6
417 0
418 0
419 9
420 -1
421 11
422 6
423 9
424 10
425 1
426 5
427 13
428 10
429 12
430 21
431 26
432 38
433 38
434 59
435 44
436 55
437 67
438 78
439 68
440 96
441 112
442 114
443 109
444 125
445 149
446 173
447 175
448 202
449 209
450 230
451 222
452 264
453 277
454 261
455 275
456 294
457 294
458 291
459 280
460 283
461 306
462 279
463 291
464 268
465 255
466 236
467 207
468 205
469 228
470 157
471 179
472 157
473 137
474 119
475 116
476 111
477 85
478 63
479 44
480 54
481 36
482 36
483 29
484 20
485 22
486 21
487 17
488 3
489 5
490 5
491 3
492 8
493 -1
494 3
495 6
496 1
497 3
498 -2
499 2
500 -2
501 -4
502 -2
503 -5
504 1
505 5
506 -6
507 -1
508 0
509 3
510 -2
511 1
512 1
513 3
514 -1
515 -6
516 0
517 1
518 -3
519 -2
520 -5
521 6
522 -2
523 -1
524 -3
525 2
526 4
527 0
528 2
529 -1
530 -2
531 1
532 2
533 -1
534 2
535 -2
536 -2
537 -2
538 -1
539 1
540 0
541 1
542 -1
543 -1
544 -3
545 1
546 0
547 -2
548 0
549 3
550 2
551 -3
552 0
553 0
554 -3
555 -4
556 0
557 -1
558 8
559 0
560 0
561 -3
562 -2
563 1
564 -2
565 0
566 -2
567 -2
568 0
569 -1
570 -3
571 -1
572 1
573 0
574 -1
575 4
576 0
577 3
578 2
579 0
580 3
581 0
582 0
583 0
584 2
585 1
586 5
587 3
588 3
589 -3
590 1
591 -1
592 -1
593 -2
594 -1
595 2
596 1
597 3
598 -1
599 0
600 1
601 1
602 6
603 -1
604 -2
605 5
606 -1
607 0
608 0
609 -3
610 0
611 -3
612 -1
613 1
614 -2
615 -3
616 -4
617 -1
618 0
619 -1
620 3
621 0
622 -1
623 -3
624 -3
625 0
626 -2
627 5
628 1
629 -4
630 -2
631 -1
632 -2
633 -2
634 -2
635 -1
636 2
637 1
638 0
639 0
640 -1
641 1
642 0
643 1
644 1
645 -2
646 0
647 0
648 2
649 -2
650 3
651 -2
652 -5
653 1
654 -2
655 0
656 -3
657 2
658 -3
659 -1
660 0
661 0
662 -1
663 2
664 -2
665 -1
666 -1
667 -1
668 -2
669 0
670 -2
671 0
672 2
673 2
674 0
675 -1
676 0
677 2
678 -2
679 -3
680 -1
681 0
682 -1
683 -1
684 -2
685 1
686 3
687 -1
688 6
689 -1
690 -2
691 -1
692 1
693 -2
694 1
695 2
696 -2
697 1
698 4
699 -2
700 3
701 1
702 -3
703 1
704 0
705 -1
706 -2
707 0
708 -1
709 1
710 -1
711 -3
712 -1
713 1
714 0
715 -1
716 2
717 4
718 1
719 0
720 -2
721 2
722 -3
723 0
724 1
725 3
726 -1
727 -1
728 0
729 -1
730 1
731 0
732 -2
733 2
734 -3
735 1
736 3
737 -3
738 0
739 0
740 3
741 1
742 1
743 2
744 0
745 0
746 -1
747 -1
748 4
749 -2
750 0
751 1
752 -1
753 1
754 -6
755 -5
756 4
757 1
758 -2
759 -3
760 2
761 -3
762 -1
763 4
764 -2
765 -1
766 0
767 -2
768 0
769 -4
770 1
771 1
772 3
773 3
774 2
775 4
776 -1
777 0
778 3
779 -2
780 -1
781 -4
782 -2
783 -1
784 -1
785 1
786 0
787 -1
788 -4
789 3
790 -3
791 3
792 -1
793 0
794 0
795 0
796 -2
797 0
798 -1
799 -2
800 0
801 0
802 -5
803 0
804 2
805 -1
806 -1
807 -3
808 0
809 -1
810 -1
811 -2
812 2
813 -2
814 0
815 1
816 0
817 3
818 -3
819 -1
820 1
821 3
822 -1
823 -1
824 -2
825 -2
826 1
827 1
828 1
829 0
830 0
831 4
832 2
833 -2
834 -1
835 -1
836 2
837 1
838 0
839 -2
840 2
841 -3
842 0
843 -2
844 1
845 -1
846 -4
847 2
848 0
849 -2
850 -2
851 -1
852 3
853 0
854 -2
855 0
856 2
857 0
858 3
859 1
860 2
861 0
862 3
863 1
864 0
865 -2
866 0
867 0
868 0
869 0
870 2
871 -1
872 1
873 -1
874 0
875 -1
876 -2
877 4
878 0
879 0
880 1
881 -2
882 -1
883 1
884 0
885 -1
886 0
887 1
888 0
889 0
890 -2
891 0
892 -1
893 0
894 1
895 -2
896 3
897 0
898 1
899 0
900 0
901 0
902 0
903 -3
904 1
905 0
906 -1
907 -4
908 -1
909 -1
910 0
911 -1
912 -3
913 -4
914 -1
915 -2
916 0
917 0
918 -1
919 -1
920 -1
921 0
922 0
923 1
924 0
925 2
926 1
927 0
928 1
929 0
930 -2
931 0
932 -1
933 0
934 1
935 -1
936 -1
937 -2
938 -1
939 -3
940 0
941 2
942 1
943 0
944 -1
945 -1
946 -1
947 -1
948 1
949 -1
950 -1
951 3
952 0
953 -1
954 1
955 3
956 -1
957 -2
958 1
959 2
960 -2
961 2
962 0
963 -1
964 1
965 1
966 -2
967 0
968 3
969 4
970 -1
971 -3
972 3
973 -3
974 -2
975 0
976 -3
977 -2
978 -1
979 0
980 -8
981 -2
982 5
983 -3
984 -3
985 -4
986 -2
987 -3
988 -1
989 -2
990 -1
991 3
992 -2
993 -1
994 -2
995 -4
996 4
997 -1
998 -2
999 0
1000 2
1001 -2
1002 -3
1003 -4
1004 1
1005 -2
1006 -2
1007 1
1008 1
1009 -1
1010 1
1011 -1
1012 0
1013 -2
1014 3
1015 2
1016 1
1017 -4
1018 2
1019 2
1020 -1
1021 1
1022 -1
1023 -1
