   0,        0, 000
   1,        0, 000
   2,        0, 000
   3,        0, 000
   4,        0, 000
   5,        0, 000
   6,        0, 000
   7,        0, 000
   8,       52, 000
   9,     2496, 000
  10,    16705, 001
  11,    21821, 001
  12,    18397, 001
  13,    14467, 001
  14,    11076, 001
  15,     8316, 001
  16,     6154, 001
  17,     4285, 001
  18,     3148, 001
  19,     2253, 001
  20,     1508, 001
  21,     1059, 001
  22,      734, 001
  23,      532, 001
  24,      335, 001
  25,      222, 001
  26,      156, 001
  27,      112, 001
  28,       63, 001
  29,       32, 001
  30,       31, 001
  31,       28, 001
  32,       20, 001
  33,        8, 001
  34,        7, 001
  35,        2, 001
  36,        4, 001
  37,        0, 001
  38,        2, 001
  39,        2, 001
  40,        1, 001
  41,        0, 001
  42,        0, 001
  43,        0, 001
  44,        0, 001
  45,        0, 001
  46,        0, 001
  47,        0, 001
  48,        0, 001
  49,        0, 001
  50,        0, 001
  51,        0, 001
  52,        0, 001
  53,        0, 001
  54,        0, 000
  55,        1, 000
  56,        0, 000
  57,        0, 000
  58,        0, 000
  59,        0, 000
  60,        0, 000
  61,        0, 000
  62,        0, 000
  63,        0, 000
  64,        0, 000
  65,        0, 000
  66,        0, 000
  67,        1, 000
  68,        1, 000
  69,        0, 000
  70,        0, 000
  71,        1, 000
  72,        0, 000
  73,        0, 000
  74,        0, 000
  75,        0, 000
  76,        0, 000
  77,        0, 000
  78,        0, 000
  79,        0, 000
  80,        0, 000
  81,        0, 000
  82,        0, 000
  83,        1, 000
  84,        1, 000
  85,        0, 000
  86,        1, 002
  87,        0, 002
  88,        1, 002
  89,        0, 002
  90,        0, 002
  91,        0, 002
  92,        0, 002
  93,        0, 002
  94,        1, 002
  95,        0, 002
  96,        0, 002
  97,        0, 002
  98,        0, 002
  99,        0, 002
 100,        0, 002
 101,        0, 002
 102,        0, 002
 103,        0, 002
 104,        0, 002
 105,        0, 002
 106,        0, 002
 107,        1, 002
 108,        0, 002
 109,        0, 002
 110,        0, 002
 111,        0, 002
 112,        0, 002
 113,        0, 002
 114,        0, 002
 115,        0, 002
 116,        0, 002
 117,        0, 002
 118,        0, 002
 119,        0, 002
 120,        1, 002
 121,        0, 002
 122,        0, 000
 123,        0, 000
 124,        1, 000
 125,        0, 000
 126,        1, 000
 127,        0, 000
 128,        0, 000
 129,        0, 000
 130,        0, 000
 131,        1, 000
 132,        0, 000
 133,        0, 000
 134,        0, 000
 135,        0, 000
 136,        0, 000
 137,        0, 000
 138,        0, 000
 139,        0, 000
 140,        1, 000
 141,        0, 000
 142,        0, 000
 143,        0, 000
 144,        0, 000
 145,        0, 000
 146,        0, 000
 147,        0, 000
 148,        0, 000
 149,        1, 000
 150,        0, 000
 151,        0, 000
 152,        0, 000
 153,        0, 000
 154,        1, 000
 155,        0, 000
 156,        0, 000
 157,        0, 000
 158,        0, 000
 159,        2, 000
 160,        0, 000
 161,        0, 000
 162,        2, 000
 163,        1, 000
 164,        0, 000
 165,        0, 000
 166,        0, 000
 167,        0, 000
 168,        0, 000
 169,        0, 000
 170,        0, 000
 171,        0, 000
 172,        0, 000
 173,        0, 000
 174,        0, 000
 175,        0, 000
 176,        0, 000
 177,        0, 000
 178,        0, 000
 179,        0, 000
 180,        1, 000
 181,        0, 000
 182,        0, 000
 183,        1, 000
 184,        0, 000
 185,        0, 000
 186,        0, 000
 187,        0, 000
 188,        0, 000
 189,        0, 000
 190,        0, 000
 191,        1, 000
 192,        0, 000
 193,        1, 000
 194,        0, 000
 195,        0, 000
 196,        0, 000
 197,        0, 000
 198,        1, 000
 199,        0, 003
 200,        0, 003
 201,        0, 003
 202,        0, 003
 203,        0, 003
 204,        0, 003
 205,        0, 003
 206,        1, 003
 207,        1, 003
 208,        1, 003
 209,        0, 003
 210,        0, 003
 211,        0, 003
 212,        0, 003
 213,        0, 003
 214,        0, 003
 215,        0, 003
 216,        0, 003
 217,        0, 003
 218,        0, 003
 219,        0, 003
 220,        0, 003
 221,        1, 003
 222,        1, 003
 223,        0, 003
 224,        0, 003
 225,        0, 003
 226,        1, 003
 227,        3, 003
 228,        0, 003
 229,        0, 003
 230,        0, 003
 231,        0, 003
 232,        1, 003
 233,        0, 003
 234,        0, 003
 235,        0, 003
 236,        1, 003
 237,        0, 003
 238,        0, 003
 239,        0, 003
 240,        0, 003
 241,        0, 003
 242,        0, 003
 243,        0, 003
 244,        0, 003
 245,        0, 003
 246,        0, 003
 247,        0, 003
 248,        1, 003
 249,        0, 000
 250,        1, 000
 251,        2, 000
 252,        0, 000
 253,        0, 000
 254,        0, 000
 255,        0, 000
 256,        0, 000
 257,        0, 000
 258,        0, 000
 259,        1, 000
 260,        1, 000
 261,        0, 000
 262,        0, 000
 263,        0, 000
 264,        0, 000
 265,        1, 000
 266,        0, 000
 267,        0, 000
 268,        0, 000
 269,        0, 000
 270,        0, 000
 271,        0, 000
 272,        2, 000
 273,        0, 000
 274,        1, 000
 275,        0, 000
 276,        0, 000
 277,        1, 000
 278,        0, 000
 279,        0, 000
 280,        0, 000
 281,        2, 000
 282,        0, 000
 283,        1, 000
 284,        0, 000
 285,        0, 000
 286,        0, 000
 287,        0, 000
 288,        0, 000
 289,        1, 000
 290,        0, 000
 291,        0, 000
 292,        0, 000
 293,        0, 000
 294,        0, 000
 295,        0, 000
 296,        1, 000
 297,        0, 000
 298,        0, 000
 299,        0, 000
 300,        0, 000
 301,        1, 000
 302,        0, 000
 303,        0, 000
 304,        1, 000
 305,        0, 000
 306,        0, 000
 307,        1, 000
 308,        1, 000
 309,        0, 000
 310,        0, 000
 311,        1, 000
 312,        1, 000
 313,        0, 000
 314,        1, 000
 315,        0, 000
 316,        2, 000
 317,        1, 000
 318,        1, 000
 319,        1, 000
 320,        0, 000
 321,        0, 000
 322,        2, 000
 323,        2, 000
 324,        0, 000
 325,        0, 000
 326,        0, 000
 327,        1, 000
 328,        1, 000
 329,        1, 000
 330,        1, 000
 331,        1, 000
 332,        1, 000
 333,        1, 000
 334,        1, 000
 335,        0, 000
 336,        0, 000
 337,        1, 000
 338,        0, 000
 339,        0, 000
 340,        0, 000
 341,        0, 000
 342,        0, 000
 343,        1, 000
 344,        0, 000
 345,        1, 000
 346,        0, 000
 347,        0, 000
 348,        0, 000
 349,        0, 000
 350,        0, 000
 351,        1, 000
 352,        1, 000
 353,        0, 000
 354,        0, 000
 355,        0, 000
 356,        1, 000
 357,        0, 000
 358,        0, 000
 359,        0, 000
 360,        1, 000
 361,        0, 000
 362,        0, 000
 363,        0, 000
 364,        3, 000
 365,        2, 000
 366,        0, 000
 367,        0, 000
 368,        1, 000
 369,        2, 000
 370,        1, 000
 371,        1, 000
 372,        0, 000
 373,        0, 000
 374,        0, 000
 375,        0, 000
 376,        1, 000
 377,        2, 000
 378,        1, 000
 379,        1, 000
 380,        0, 000
 381,        0, 004
 382,        0, 004
 383,        0, 004
 384,        2, 004
 385,        0, 004
 386,        1, 004
 387,        0, 004
 388,        4, 004
 389,        1, 004
 390,        2, 004
 391,        2, 004
 392,        1, 004
 393,        0, 004
 394,        1, 004
 395,        2, 004
 396,        2, 004
 397,        0, 004
 398,        1, 004
 399,        1, 004
 400,        1, 004
 401,        1, 004
 402,        0, 004
 403,        1, 004
 404,        2, 004
 405,        1, 004
 406,        1, 004
 407,        1, 004
 408,        1, 004
 409,        2, 004
 410,        3, 004
 411,        0, 004
 412,        0, 004
 413,        1, 004
 414,        0, 004
 415,        0, 004
 416,        1, 004
 417,        2, 004
 418,        0, 004
 419,        3, 004
 420,        1, 004
 421,        1, 004
 422,        2, 004
 423,        1, 004
 424,        0, 000
 425,        1, 000
 426,        1, 000
 427,        2, 000
 428,        1, 000
 429,        0, 000
 430,        1, 000
 431,        0, 000
 432,        0, 000
 433,        1, 000
 434,        0, 000
 435,        4, 000
 436,        0, 000
 437,        3, 000
 438,        1, 000
 439,        1, 000
 440,        1, 000
 441,        1, 000
 442,        1, 000
 443,        2, 000
 444,        1, 000
 445,        2, 000
 446,        4, 000
 447,        0, 000
 448,        0, 000
 449,        0, 000
 450,        0, 000
 451,        2, 000
 452,        0, 000
 453,        2, 000
 454,        1, 000
 455,        1, 000
 456,        5, 000
 457,        1, 000
 458,        3, 000
 459,        0, 000
 460,        3, 000
 461,        2, 000
 462,        2, 000
 463,        2, 000
 464,        2, 000
 465,        2, 000
 466,        1, 000
 467,        2, 000
 468,        3, 000
 469,        1, 000
 470,        2, 000
 471,        4, 000
 472,        1, 000
 473,        3, 000
 474,        3, 000
 475,        1, 000
 476,        2, 000
 477,        2, 000
 478,        1, 000
 479,        1, 000
 480,        1, 000
 481,        2, 000
 482,        0, 000
 483,        2, 000
 484,        2, 000
 485,        6, 000
 486,        2, 000
 487,        3, 000
 488,        2, 000
 489,        1, 000
 490,        4, 000
 491,        3, 000
 492,        1, 000
 493,        2, 000
 494,        4, 000
 495,        4, 000
 496,        3, 000
 497,        1, 000
 498,        4, 000
 499,        4, 000
 500,        1, 000
 501,        1, 000
 502,        3, 000
 503,        3, 000
 504,        3, 000
 505,        1, 000
 506,        3, 000
 507,        1, 000
 508,        2, 000
 509,        4, 000
 510,        1, 000
 511,        1, 000
 512,        5, 000
 513,        4, 000
 514,        6, 000
 515,        5, 000
 516,        4, 000
 517,        2, 000
 518,        4, 000
 519,        8, 000
 520,        7, 005
 521,        2, 005
 522,        5, 005
 523,        4, 005
 524,        4, 005
 525,        7, 005
 526,       12, 005
 527,        7, 005
 528,        4, 005
 529,        8, 005
 530,        8, 005
 531,        6, 005
 532,       14, 005
 533,        5, 005
 534,        5, 005
 535,       16, 005
 536,       10, 005
 537,        4, 005
 538,        9, 005
 539,       16, 005
 540,       12, 005
 541,       11, 005
 542,       10, 005
 543,       16, 005
 544,       12, 005
 545,       10, 005
 546,       22, 005
 547,       18, 005
 548,       23, 005
 549,       21, 005
 550,       26, 000
 551,       23, 000
 552,       40, 000
 553,       47, 000
 554,       50, 000
 555,       59, 000
 556,       64, 000
 557,       77, 000
 558,       80, 000
 559,       92, 000
 560,      109, 000
 561,      117, 000
 562,      137, 000
 563,      134, 000
 564,      166, 000
 565,      198, 000
 566,      196, 000
 567,      243, 000
 568,      272, 000
 569,      324, 000
 570,      321, 000
 571,      376, 000
 572,      400, 000
 573,      526, 000
 574,      526, 000
 575,      581, 000
 576,      591, 000
 577,      643, 000
 578,      731, 000
 579,      771, 000
 580,      870, 000
 581,      910, 000
 582,      965, 000
 583,     1077, 000
 584,     1199, 000
 585,     1250, 000
 586,     1265, 000
 587,     1282, 000
 588,     1330, 006
 589,     1387, 006
 590,     1424, 006
 591,     1398, 006
 592,     1350, 006
 593,     1320, 006
 594,     1232, 006
 595,     1194, 006
 596,     1083, 006
 597,     1017, 006
 598,      864, 006
 599,      707, 006
 600,      656, 006
 601,      518, 006
 602,      432, 006
 603,      358, 006
 604,      259, 006
 605,      251, 006
 606,      164, 006
 607,      116, 006
 608,      101, 006
 609,       68, 006
 610,       62, 006
 611,       45, 006
 612,       31, 006
 613,       27, 006
 614,       15, 006
 615,       11, 006
 616,       10, 006
 617,        2, 000
 618,        9, 000
 619,        5, 000
 620,        0, 000
 621,        2, 000
 622,        0, 000
 623,        0, 000
 624,        0, 000
 625,        0, 000
 626,        0, 000
 627,        0, 000
 628,        0, 000
 629,        0, 000
 630,        0, 000
 631,        0, 000
 632,        0, 000
 633,        0, 000
 634,        0, 000
 635,        0, 007
 636,        0, 007
 637,        0, 007
 638,        0, 007
 639,        0, 007
 640,        0, 007
 641,        0, 007
 642,        0, 007
 643,        0, 007
 644,        0, 007
 645,        0, 007
 646,        0, 007
 647,        0, 007
 648,        0, 000
 649,        0, 000
 650,        0, 000
 651,        0, 000
 652,        0, 000
 653,        0, 000
 654,        0, 000
 655,        0, 000
 656,        0, 000
 657,        0, 000
 658,        0, 000
 659,        0, 000
 660,        0, 000
 661,        0, 000
 662,        0, 000
 663,        0, 000
 664,        0, 000
 665,        0, 000
 666,        0, 000
 667,        0, 000
 668,        0, 000
 669,        0, 000
 670,        0, 000
 671,        0, 000
 672,        0, 000
 673,        0, 000
 674,        0, 000
 675,        0, 000
 676,        0, 000
 677,        0, 000
 678,        0, 000
 679,        0, 000
 680,        0, 000
 681,        0, 000
 682,        0, 000
 683,        0, 000
 684,        0, 000
 685,        0, 000
 686,        0, 000
 687,        0, 000
 688,        0, 000
 689,        0, 000
 690,        0, 008
 691,        0, 008
 692,        0, 008
 693,        0, 008
 694,        0, 008
 695,        0, 008
 696,        0, 008
 697,        0, 008
 698,        0, 008
 699,        0, 008
 700,        0, 008
 701,        0, 008
 702,        0, 008
 703,        0, 008
 704,        0, 008
 705,        0, 008
 706,        0, 008
 707,        0, 008
 708,        0, 008
 709,        0, 008
 710,        0, 008
 711,        0, 008
 712,        0, 008
 713,        0, 008
 714,        0, 008
 715,        0, 008
 716,        0, 008
 717,        0, 000
 718,        0, 000
 719,        0, 000
 720,        0, 000
 721,        0, 000
 722,        0, 000
 723,        0, 000
 724,        0, 000
 725,        0, 000
 726,        0, 000
 727,        0, 000
 728,        0, 000
 729,        0, 000
 730,        0, 000
 731,        0, 000
 732,        0, 000
 733,        0, 000
 734,        0, 000
 735,        0, 000
 736,        0, 000
 737,        0, 000
 738,        0, 000
 739,        0, 000
 740,        0, 000
 741,        0, 000
 742,        0, 000
 743,        0, 000
 744,        0, 000
 745,        0, 000
 746,        0, 000
 747,        0, 000
 748,        0, 000
 749,        0, 000
 750,        0, 000
 751,        0, 000
 752,        0, 000
 753,        0, 000
 754,        0, 000
 755,        0, 000
 756,        0, 000
 757,        0, 000
 758,        0, 000
 759,        0, 000
 760,        0, 000
 761,        0, 000
 762,        0, 000
 763,        0, 000
 764,        0, 000
 765,        0, 000
 766,        0, 000
 767,        0, 000
 768,        0, 000
 769,        0, 000
 770,        0, 000
 771,        0, 000
 772,        0, 000
 773,        0, 000
 774,        0, 000
 775,        0, 000
 776,        0, 000
 777,        0, 000
 778,        0, 000
 779,        0, 000
 780,        0, 000
 781,        0, 000
 782,        0, 000
 783,        0, 000
 784,        0, 000
 785,        0, 000
 786,        0, 000
 787,        0, 000
 788,        0, 000
 789,        0, 009
 790,        0, 009
 791,        0, 009
 792,        0, 009
 793,        0, 009
 794,        0, 009
 795,        0, 009
 796,        0, 009
 797,        0, 009
 798,        0, 009
 799,        0, 009
 800,        0, 009
 801,        0, 009
 802,        0, 009
 803,        0, 009
 804,        0, 009
 805,        0, 009
 806,        0, 009
 807,        0, 009
 808,        0, 009
 809,        0, 009
 810,        0, 009
 811,        0, 009
 812,        0, 009
 813,        0, 009
 814,        0, 009
 815,        0, 009
 816,        0, 009
 817,        0, 009
 818,        0, 009
 819,        0, 009
 820,        0, 009
 821,        0, 009
 822,        0, 009
 823,        0, 009
 824,        0, 009
 825,        0, 009
 826,        0, 009
 827,        0, 009
 828,        0, 000
 829,        0, 000
 830,        0, 000
 831,        0, 000
 832,        0, 000
 833,        0, 000
 834,        0, 000
 835,        0, 000
 836,        0, 000
 837,        0, 000
 838,        0, 000
 839,        0, 000
 840,        0, 000
 841,        0, 000
 842,        0, 000
 843,        0, 000
 844,        0, 000
 845,        0, 000
 846,        0, 000
 847,        0, 000
 848,        0, 000
 849,        0, 000
 850,        0, 000
 851,        0, 000
 852,        0, 000
 853,        0, 000
 854,        0, 000
 855,        0, 000
 856,        0, 000
 857,        0, 000
 858,        0, 000
 859,        0, 000
 860,        0, 000
 861,        0, 000
 862,        0, 000
 863,        0, 000
 864,        0, 000
 865,        0, 000
 866,        0, 000
 867,        0, 000
 868,        0, 000
 869,        0, 000
 870,        0, 000
 871,        0, 000
 872,        0, 000
 873,        0, 000
 874,        0, 000
 875,        0, 000
 876,        0, 000
 877,        0, 000
 878,        0, 000
 879,        0, 000
 880,        0, 000
 881,        0, 000
 882,        0, 000
 883,        0, 000
 884,        0, 000
 885,        0, 000
 886,        0, 000
 887,        0, 000
 888,        0, 000
 889,        0, 000
 890,        0, 000
 891,        0, 000
 892,        0, 000
 893,        0, 000
 894,        0, 000
 895,        0, 000
 896,        0, 000
 897,        0, 000
 898,        0, 000
 899,        1, 000
 900,        0, 000
 901,        0, 000
 902,        1, 000
 903,        1, 000
 904,        0, 000
 905,        0, 000
 906,        0, 000
 907,        0, 000
 908,        1, 000
 909,        0, 000
 910,        0, 000
 911,        0, 000
 912,        0, 000
 913,        1, 000
 914,        0, 000
 915,        0, 000
 916,        0, 000
 917,        0, 000
 918,        0, 000
 919,        0, 000
 920,        0, 000
 921,        0, 000
 922,        1, 000
 923,        0, 000
 924,        0, 010
 925,        0, 010
 926,        0, 010
 927,        0, 010
 928,        0, 010
 929,        0, 010
 930,        0, 010
 931,        1, 010
 932,        0, 010
 933,        0, 010
 934,        1, 010
 935,        0, 010
 936,        0, 010
 937,        0, 010
 938,        0, 010
 939,        0, 010
 940,        0, 010
 941,        0, 010
 942,        0, 010
 943,        0, 010
 944,        0, 010
 945,        0, 010
 946,        0, 010
 947,        0, 010
 948,        1, 010
 949,        0, 010
 950,        0, 010
 951,        0, 010
 952,        1, 010
 953,        0, 010
 954,        0, 010
 955,        0, 010
 956,        0, 010
 957,        0, 010
 958,        0, 010
 959,        0, 010
 960,        0, 010
 961,        0, 010
 962,        0, 010
 963,        0, 010
 964,        0, 010
 965,        0, 000
 966,        0, 000
 967,        1, 000
 968,        0, 000
 969,        0, 000
 970,        0, 000
 971,        0, 000
 972,        0, 000
 973,        0, 000
 974,        0, 000
 975,        0, 000
 976,        0, 000
 977,        0, 000
 978,        0, 000
 979,        0, 000
 980,        1, 000
 981,        2, 000
 982,        0, 000
 983,        0, 000
 984,        1, 000
 985,        1, 000
 986,        0, 000
 987,        0, 000
 988,        0, 000
 989,        0, 000
 990,        0, 000
 991,        0, 000
 992,        0, 000
 993,        1, 011
 994,        0, 011
 995,        0, 011
 996,        0, 011
 997,        0, 011
 998,        0, 011
 999,        0, 011
1000,        0, 011
1001,        0, 011
1002,        0, 011
1003,        0, 011
1004,        0, 011
1005,        0, 011
1006,        0, 011
1007,        0, 011
1008,        0, 011
1009,        0, 011
1010,        0, 011
1011,        0, 011
1012,        0, 011
1013,        0, 011
1014,        0, 011
1015,        0, 011
1016,        0, 011
1017,        1, 011
1018,        0, 011
1019,        0, 011
1020,        0, 011
1021,        0, 011
1022,        0, 011
1023,        0, 011

 ROI:01  Beg: 0010 Chn                           End: 0053 Chn                 
         Gross Integral:     111480 cts        Net Integral:    -189348 cts

 ROI:02  Beg: 0086 Chn                           End: 0121 Chn                 
         Gross Integral:          5 cts        Net Integral:         -7 cts

 ROI:03  Beg: 0199 Chn                           End: 0248 Chn                 
         Gross Integral:         12 cts        Net Integral:         -5 cts

 ROI:04  Beg: 0381 Chn                           End: 0423 Chn                 
         Gross Integral:         46 cts        Net Integral:         25 cts

 ROI:05  Beg: 0520 Chn                           End: 0549 Chn                 
         Gross Integral:        308 cts        Net Integral:       -127 cts

 ROI:06  Beg: 0588 Chn                           End: 0616 Chn                 
         Gross Integral:      17430 cts        Net Integral:      -2010 cts

 ROI:07  Beg: 0635 Chn                           End: 0647 Chn                 
         Gross Integral:          0 cts        Net Integral:          0 cts

 ROI:08  Beg: 0690 Chn                           End: 0716 Chn                 
         Gross Integral:          0 cts        Net Integral:          0 cts

 ROI:09  Beg: 0789 Chn                           End: 0827 Chn                 
         Gross Integral:          0 cts        Net Integral:          0 cts

 ROI:10  Beg: 0924 Chn                           End: 0964 Chn                 
         Gross Integral:          4 cts        Net Integral:          4 cts

 ROI:11  Beg: 0993 Chn                           End: 1023 Chn                 
         Gross Integral:          2 cts        Net Integral:         -3 cts
